(151,219)
(313,33)
(319,118)
(23,43)
(383,40)
(226,12)
(161,302)
(244,142)
(42,293)
(109,295)
(142,358)
(127,376)
(66,238)
(159,81)
(3,319)
(397,98)
(258,267)
(5,36)
(74,161)
(198,57)
(156,160)
(192,151)
(326,300)
(274,112)
(97,361)
(99,101)
(195,369)
(197,207)
(260,397)
(136,44)
(205,48)
(291,219)
(348,289)
(77,334)
(107,242)
(190,385)
(297,92)
(370,324)
(380,187)
(109,133)
(92,3)
(97,102)
(399,197)
(154,19)
(50,376)
(197,333)
(312,205)
(336,397)
(266,278)
(261,282)
(140,23)
(36,125)
(386,137)
(83,164)
(146,86)
(174,332)
(189,109)
(82,94)
(173,375)
(236,342)
(347,309)
(392,5)
(200,117)
(3,196)
(55,345)
(125,185)
(32,138)
(343,256)
(291,91)
(2,217)
(153,265)
(308,133)
(388,145)
(57,164)
(267,272)
(298,32)
(106,95)
(220,378)
(159,138)
(337,136)
(260,60)
(71,394)
(390,337)
(208,147)
(293,212)
(177,268)
(71,118)
(310,396)
(76,344)
(305,229)
(226,288)
(185,25)
(96,14)
(317,208)
(177,272)
(154,273)
(322,293)
(49,104)
(85,149)
(37,169)
(116,280)
(173,157)
(54,42)
(186,47)
(76,1)
(143,84)
(349,166)
(194,1)
(375,243)
(234,153)
(133,105)
(333,88)
(284,356)
(361,251)
(265,30)
(66,1)
(50,371)
(98,309)
(177,218)
(89,17)
(0,256)
(383,355)
(159,189)
(52,344)
(268,71)
(318,157)
(79,32)
(213,71)
(190,45)
(165,109)
(64,219)
(177,244)
(172,119)
(135,349)
(368,288)
(365,74)
(98,191)
(284,341)
(158,89)
(377,198)
(41,17)
(98,110)
(233,185)
(84,203)
(382,177)
(86,389)
(20,90)
(218,128)
(81,80)
(175,231)
(56,332)
(98,160)
(7,222)
(211,361)
(96,46)
(253,31)
(277,44)
(359,230)
(264,264)
(183,144)
(305,34)
(119,32)
(384,5)
(24,123)
(314,3)
(349,252)
(298,350)
(152,223)
(3,383)
(393,204)
(129,195)
(95,292)
(151,275)
(133,329)
(282,263)
(188,315)
(207,103)
(40,312)
(334,70)
(334,247)
(275,392)
(55,384)
(26,237)
(317,156)
(354,324)
(177,78)
(86,225)
(222,172)
(205,213)
(172,391)
(323,98)
(13,286)
(134,121)
(307,228)
(91,188)
(213,79)
(264,173)
(297,88)
(379,265)
(152,225)
(364,200)
(185,50)
(30,289)
(323,64)
(23,50)
(137,37)
(339,139)
(298,58)
(237,7)
(271,7)
(326,210)
(166,65)
(396,61)
(112,241)
(343,59)
(330,13)
(329,60)
(173,1)
(121,2)
(226,120)
(9,89)
(273,104)
(286,237)
(209,250)
(370,113)
(81,293)
(77,190)
(163,130)
(30,26)
(300,356)
(92,74)
(82,245)
(384,141)
(185,68)
(179,346)
(370,116)
(60,257)
(396,313)
(310,49)
(128,380)
(188,358)
(291,254)
(361,340)
(155,388)
(94,58)
(62,306)
(18,379)
(340,330)
(257,56)
(212,395)
(145,74)
(373,206)
(341,124)
(172,244)
(238,271)
(48,55)
(152,273)
(366,171)
(287,282)
(292,351)
(311,232)
(125,145)
(276,331)
(182,393)
(315,87)
(345,177)
(248,215)
(99,188)
(163,215)
(298,5)
(363,366)
(70,252)
(224,339)
(89,141)
(69,1)
(45,239)
(122,77)
(377,30)
(20,353)
(178,209)
(317,177)
(236,10)
(65,275)
(30,55)
(155,227)
(186,209)
(333,390)
(191,303)
(273,232)
(270,71)
(137,99)
(225,389)
(115,40)
(398,246)
(340,217)
(229,239)
(264,218)
(252,336)
(85,142)
(134,266)
(143,148)
(143,41)
(138,123)
(205,183)
(170,360)
(346,175)
(353,150)
(298,365)
(346,253)
(93,123)
(99,219)
(318,366)
(151,44)
(331,393)
(171,87)
(33,95)
(322,271)
(52,234)
(2,296)
(92,89)
(393,304)
(97,374)
(122,351)
(210,170)
(368,198)
(21,264)
(275,56)
(148,325)
(213,322)
(141,60)
(122,72)
(74,98)
(134,108)
(157,140)
(363,319)
(116,130)
(325,164)
(244,193)
(205,79)
(301,353)
(155,73)
(228,63)
(393,209)
(90,245)
(79,341)
(137,204)
(338,350)
(97,270)
(41,211)
(341,102)
(369,113)
(216,111)
(254,395)
(362,354)
(233,139)
(129,220)
(329,260)
(378,131)
(268,220)
(226,77)
(23,308)
(314,328)
(184,170)
(305,304)
(203,82)
(307,328)
(61,34)
(302,215)
(276,148)
(81,78)
(317,322)
(185,141)
(80,88)
(388,15)
(240,267)
(291,333)
(311,132)
(265,320)
(48,179)
(234,354)
(52,193)
(266,259)
(264,104)
(247,190)
(91,117)
(398,80)
(364,260)
(114,366)
(0,300)
(354,20)
(314,48)
(122,117)
(255,321)
(141,297)
(309,128)
(217,291)
(367,103)
(109,47)
(170,140)
(385,233)
(107,271)
(281,68)
(290,373)
(233,330)
(200,23)
(187,335)
(194,156)
(197,65)
(159,170)
(104,156)
(397,273)
(160,265)
(250,269)
(298,124)
(231,381)
(102,374)
(241,102)
(174,339)
(331,129)
(352,61)
(141,227)
(142,254)
(226,359)
(282,175)
(176,53)
(285,17)
(356,81)
(7,163)
(201,368)
(41,72)
(346,217)
(130,365)
(16,164)
(9,273)
(255,394)
(293,97)
(157,96)
(253,293)
(32,375)
(176,145)
(50,213)
(38,375)
(108,229)
(311,372)
(95,108)
(379,1)
(147,217)
(144,57)
(363,114)
(106,139)
(278,285)
(106,287)
(281,292)
(260,20)
(51,356)
(152,205)
(174,54)
(103,341)
(16,315)
(102,235)
(54,146)
(161,18)
(186,260)
(52,293)
(323,50)
(184,182)
(76,127)
(392,309)
(370,323)
(44,374)
(373,265)
(303,54)
(336,332)
(56,397)
(346,254)
(56,213)
(226,306)
(132,196)
(27,160)
(193,287)
(244,358)
(66,228)
(295,104)
(321,272)
(331,7)
(158,85)
(82,150)
(387,293)
(172,247)
(269,37)
(30,186)
(165,144)
(258,292)
(311,254)
(32,396)
(29,312)
(285,48)
(87,178)
(169,212)
(150,232)
(46,238)
(59,200)
(288,129)
(169,362)
(112,230)
(365,317)
(329,77)
(305,3)
(74,106)
(275,123)
(45,143)
(140,82)
(214,398)
(0,205)
(27,315)
(242,200)
(197,252)
(38,303)
(69,64)
(267,172)
(37,39)
(177,102)
(196,226)
(108,363)
(345,160)
(338,221)
(187,195)
(318,40)
(109,292)
(380,253)
(311,295)
(187,249)
(391,197)
(53,38)
(108,140)
(295,243)
(23,147)
(2,13)
(139,265)
(127,152)
(273,301)
(34,222)
(139,0)
(161,339)
(359,66)
(136,31)
(287,308)
(20,328)
(189,192)
(260,330)
(31,348)
(308,335)
(395,34)
(161,75)
(183,262)
(308,115)
(256,115)
(299,335)
(129,383)
(166,332)
(163,241)
(113,316)
(56,340)
(340,167)
(226,299)
(46,311)
(243,56)
(345,185)
(278,178)
(250,262)
(336,328)
(158,373)
(273,154)
(154,269)
(26,377)
(125,151)
(132,374)
(0,343)
(270,252)
(130,92)
(240,186)
(357,338)
(271,93)
(74,344)
(245,146)
(103,347)
(347,320)
(215,81)
(353,44)
(281,309)
(121,152)
(18,394)
(188,390)
(138,108)
(343,344)
(275,331)
(396,93)
(136,317)
(393,128)
(137,306)
(267,384)
(44,248)
(373,41)
(17,394)
(353,307)
(312,88)
(17,42)
(209,313)
(366,29)
(225,365)
(364,1)
(382,25)
(313,300)
(48,125)
(186,143)
(391,347)
(166,110)
(47,76)
(138,346)
(169,317)
(235,272)
(205,258)
(22,76)
(137,94)
(113,384)
(124,317)
(311,50)
(99,338)
(186,291)
(316,133)
(357,19)
(257,261)
(165,102)
(190,281)
(202,348)
(116,274)
(35,95)
(130,264)
(228,3)
(313,43)
(89,345)
(367,221)
(164,12)
(133,67)
(15,22)
(250,228)
(283,6)
(359,190)
(335,394)
(13,299)
(118,315)
(9,163)
(347,71)
(47,216)
(106,222)
(12,274)
(66,333)
(366,82)
(114,257)
(171,151)
(129,84)
(280,135)
(49,110)
(271,362)
(151,62)
(374,102)
(295,280)
(274,315)
(92,56)
(189,59)
(189,14)
(268,87)
(131,152)
(314,50)
(82,254)
(98,279)
(212,372)
(88,237)
(187,366)
(361,124)
(137,317)
(205,242)
(367,341)
(86,157)
(395,175)
(44,47)
(266,263)
(169,262)
(385,120)
(399,117)
(127,132)
(117,5)
(24,50)
(40,104)
(310,19)
(136,281)
(20,97)
(173,1)
(48,266)
(329,171)
(164,46)
(236,117)
(63,293)
(50,235)
(342,315)
(103,315)
(162,323)
(167,352)
(236,16)
(314,306)
(255,0)
(284,325)
(179,154)
(30,37)
(102,394)
(277,350)
(158,90)
(109,158)
(35,389)
(388,188)
(33,315)
(13,214)
(166,126)
(241,327)
(144,270)
(137,344)
(118,307)
(17,173)
(393,53)
(73,330)
(200,244)
(351,364)
(370,152)
(204,384)
(252,31)
(395,32)
(3,240)
(126,118)
(93,352)
(11,325)
(304,177)
(312,266)
(391,284)
(121,1)
(298,53)
(303,231)
(86,10)
(197,214)
(298,210)
(45,209)
(190,220)
(313,92)
(211,290)
(259,361)
(293,84)
(138,43)
(50,38)
(253,392)
(204,196)
(94,180)
(331,307)
(77,209)
(41,175)
(51,195)
(122,1)
(19,17)
(214,307)
(209,293)
(235,390)
(150,309)
(18,326)
(101,91)
(326,349)
(315,337)
(57,111)
(192,108)
(381,147)
(267,99)
(241,4)
(210,156)
(377,326)
(155,231)
(371,121)
(65,241)
(367,328)
(70,252)
(36,158)
(106,95)
(204,375)
(226,130)
(262,77)
(376,347)
(145,276)
(317,247)
(228,156)
(201,58)
(132,76)
(213,94)
(75,198)
(379,213)
(17,397)
(324,203)
(148,192)
(316,115)
(318,9)
(17,242)
(282,1)
(152,59)
(372,263)
(199,358)
(62,181)
(46,233)
(64,140)
(257,133)
(293,110)
(53,237)
(211,137)
(65,399)
(396,121)
(159,149)
(381,141)
(258,100)
(164,27)
(117,136)
(215,129)
(71,46)
(395,130)
(38,148)
(31,227)
(141,333)
(238,93)
(390,81)
(194,375)
(193,291)
(378,374)
(157,145)
(17,327)
(385,317)
(82,214)
(4,40)
(285,42)
(29,278)
(225,253)
(205,61)
(352,178)
(292,15)
(153,375)
(389,133)
(127,164)
(368,47)
(262,274)
(239,110)
(82,149)
(333,211)
(369,317)
(25,335)
(195,103)
(370,122)
(367,3)
(283,381)
(379,185)
(187,200)
(200,205)
(135,391)
(292,229)
(112,149)
(295,284)
(162,323)
(92,285)
(269,227)
(63,62)
(314,122)
(217,242)
(345,394)
(207,344)
(180,330)
(371,302)
(141,86)
(248,183)
(298,343)
(387,105)
(19,286)
(21,367)
(30,37)
(146,73)
(23,60)
(338,327)
(74,174)
(228,209)
(215,209)
(172,150)
(150,300)
(275,70)
(383,20)
(162,285)
(125,155)
(130,175)
(257,356)
(390,35)
(114,297)
(154,381)
(220,75)
(45,21)
(19,170)
(363,61)
(211,23)
(290,311)
(261,316)
(195,222)
(238,170)
(187,396)
(334,356)
(360,217)
(382,361)
(374,105)
(368,48)
(362,167)
(308,35)
(147,260)
(120,32)
(163,354)
(388,381)
(53,335)
(360,190)
(173,109)
(214,95)
(241,132)
(107,19)
(233,42)
(37,4)
(77,152)
(54,339)
(374,349)
(297,317)
(261,247)
(246,159)
(226,38)
(180,369)
(381,251)
(150,190)
(60,9)
(178,21)
(100,378)
(188,249)
(128,235)
(164,387)
(348,63)
(256,241)
(282,172)
(182,37)
(96,50)
(110,159)
(359,44)
(62,155)
(82,216)
(152,191)
(294,347)
(40,211)
(86,108)
(72,167)
(242,196)
(307,209)
(96,88)
(99,50)
(289,68)
(283,72)
(184,282)
(116,87)
(228,176)
(102,41)
(19,215)
(378,139)
(375,208)
(133,37)
(255,116)
(104,197)
(96,280)
(23,60)
(104,197)
(274,201)
(34,230)
(69,183)
(325,278)
(297,178)
(106,102)
(218,8)
(169,265)
(298,209)
(237,357)
(98,354)
(86,47)
(69,245)
(129,42)
(383,25)
(136,332)
(248,276)
(20,73)
(297,236)
(125,374)
(164,283)
inside value 797
outside value 203
p:0.797
Pi value is 3.188
