(239,196)
(5,265)
(287,67)
(365,318)
(230,148)
(311,128)
(194,329)
(16,31)
(127,344)
(159,168)
(347,377)
(134,59)
(200,342)
(198,152)
(10,62)
(381,214)
(54,139)
(261,161)
(365,63)
(320,278)
(25,199)
(366,236)
(221,373)
(279,192)
(118,393)
(229,237)
(147,56)
(381,74)
(389,111)
(357,287)
(29,11)
(288,320)
(50,319)
(288,300)
(355,124)
(261,98)
(230,386)
(59,365)
(8,327)
(266,289)
(230,283)
(251,263)
(277,380)
(346,189)
(29,369)
(112,121)
(69,68)
(367,219)
(288,350)
(95,260)
(230,31)
(182,171)
(375,261)
(114,43)
(153,334)
(107,219)
(291,22)
(55,385)
(394,377)
(148,31)
(13,236)
(44,328)
(259,267)
(91,220)
(309,179)
(19,146)
(286,248)
(282,57)
(382,247)
(287,374)
(3,96)
(201,282)
(165,209)
(35,243)
(256,97)
(76,353)
(31,332)
(66,294)
(312,112)
(33,358)
(363,134)
(124,67)
(24,126)
(218,322)
(313,13)
(88,243)
(252,208)
(203,148)
(12,333)
(0,313)
(48,270)
(99,321)
(172,192)
(392,174)
(383,150)
(301,6)
(317,262)
(100,119)
(325,214)
(74,81)
(204,140)
(7,211)
(54,394)
(110,325)
(262,366)
(121,126)
(20,64)
(279,105)
(208,185)
(218,240)
(24,60)
(278,392)
(276,185)
(62,53)
(136,262)
(216,232)
(14,293)
(37,124)
(223,235)
(248,115)
(78,62)
(381,201)
(210,142)
(79,369)
(194,341)
(88,336)
(38,36)
(53,12)
(105,239)
(249,262)
(45,136)
(57,399)
(64,293)
(295,12)
(139,6)
(157,85)
(325,352)
(124,69)
(277,223)
(177,257)
(356,65)
(376,227)
(34,267)
(363,146)
(237,320)
(22,48)
(366,23)
(119,371)
(383,88)
(150,289)
(355,8)
(376,231)
(239,34)
(103,1)
(232,338)
(377,286)
(284,363)
(252,54)
(82,125)
(224,70)
(200,33)
(163,5)
(114,337)
(190,43)
(148,220)
(246,60)
(98,3)
(334,239)
(193,180)
(230,34)
(67,188)
(20,137)
(226,161)
(362,84)
(71,243)
(272,373)
(29,135)
(75,96)
(88,132)
(391,249)
(25,3)
(223,317)
(79,342)
(333,254)
(164,220)
(223,299)
(283,204)
(93,138)
(81,321)
(398,161)
(359,303)
(197,369)
(187,81)
(279,228)
(52,5)
(333,110)
(217,183)
(144,46)
(194,6)
(35,139)
(301,145)
(356,249)
(124,305)
(247,59)
(88,172)
(374,63)
(131,114)
(278,15)
(378,72)
(214,128)
(12,309)
(378,69)
(201,119)
(17,25)
(132,331)
(246,46)
(396,1)
(307,380)
(305,353)
(300,399)
(24,120)
(399,345)
(257,1)
(223,320)
(69,397)
(136,124)
(398,258)
(206,229)
(174,249)
(220,330)
(80,50)
(7,274)
(247,283)
(110,68)
(242,316)
(254,178)
(91,374)
(150,102)
(240,83)
(101,267)
(307,81)
(316,16)
(344,336)
(269,396)
(194,259)
(24,333)
(323,16)
(177,37)
(125,32)
(398,286)
(183,123)
(4,23)
(314,168)
(48,10)
(77,60)
(183,218)
(33,30)
(339,58)
(70,7)
(157,218)
(223,159)
(216,7)
(158,44)
(320,330)
(149,233)
(357,37)
(236,22)
(351,159)
(29,278)
(129,287)
(212,294)
(73,238)
(104,280)
(104,36)
(156,320)
(260,219)
(270,248)
(225,124)
(89,241)
(93,88)
(143,104)
(174,81)
(301,241)
(110,100)
(278,46)
(219,340)
(390,193)
(350,102)
(208,135)
(121,37)
(129,219)
(323,148)
(234,387)
(146,164)
(142,38)
(329,56)
(12,301)
(382,356)
(101,343)
(127,35)
(300,96)
(211,116)
(215,296)
(299,215)
(284,22)
(311,136)
(338,152)
(117,210)
(243,174)
(59,308)
(263,123)
(226,351)
(206,205)
(114,313)
(108,286)
(183,321)
(127,362)
(34,360)
(202,51)
(152,222)
(34,228)
(104,165)
(340,177)
(190,10)
(303,5)
(260,348)
(24,77)
(232,127)
(289,123)
(250,138)
(179,383)
(13,271)
(71,202)
(127,160)
(134,103)
(222,125)
(148,152)
(241,394)
(171,173)
(337,389)
(34,255)
(380,283)
(32,107)
(233,136)
(4,382)
(261,79)
(280,154)
(10,241)
(323,220)
(19,203)
(316,276)
(138,297)
(16,50)
(266,308)
(136,145)
(156,169)
(117,142)
(208,226)
(230,75)
(237,201)
(42,126)
(368,275)
(121,92)
(42,225)
(239,192)
(194,125)
(132,57)
(183,397)
(350,76)
(132,282)
(282,235)
(111,187)
(236,299)
(221,0)
(304,234)
(362,370)
(113,209)
(180,283)
(82,315)
(362,140)
(139,278)
(72,365)
(295,376)
(332,381)
(295,232)
(297,159)
(380,29)
(295,236)
(317,248)
(200,47)
(188,65)
(122,188)
(308,192)
(251,302)
(247,128)
(216,215)
(395,352)
(79,115)
(10,293)
(185,23)
(256,15)
(320,327)
(8,364)
(89,106)
(275,366)
(358,23)
(269,2)
(212,58)
(168,242)
(124,102)
(330,79)
(158,286)
(224,214)
(223,174)
(223,177)
(204,124)
(6,158)
(366,96)
(327,40)
(322,322)
(255,360)
(166,306)
(90,73)
(398,308)
(256,320)
(82,53)
(110,119)
(62,377)
(184,316)
(366,298)
(177,196)
(253,226)
(109,77)
(399,176)
(363,222)
(337,184)
(174,232)
(72,393)
(358,227)
(298,352)
(218,286)
(196,247)
(355,258)
(29,197)
(362,183)
(198,251)
(69,92)
(230,32)
(238,221)
(283,50)
(186,156)
(349,307)
(165,157)
(127,206)
(249,373)
(273,357)
(155,86)
(275,129)
(259,126)
(201,328)
(271,132)
(113,160)
(204,270)
(2,115)
(390,112)
(383,257)
(193,170)
(305,58)
(316,49)
(309,290)
(10,107)
(11,207)
(90,56)
(312,225)
(165,229)
(274,308)
(38,289)
(180,168)
(249,179)
(250,335)
(204,95)
(261,362)
(84,387)
(51,298)
(117,32)
(147,118)
(69,151)
(14,166)
(334,111)
(236,362)
(1,108)
(306,30)
(100,119)
(19,179)
(191,396)
(194,353)
(380,379)
(274,240)
(346,329)
(387,222)
(2,211)
(45,93)
(234,283)
(383,45)
(355,243)
(161,3)
(206,195)
(31,25)
(196,37)
(372,117)
(188,8)
(238,246)
(196,189)
(76,248)
(229,232)
(231,296)
(187,144)
(305,49)
(204,170)
(106,64)
(145,317)
(330,271)
(363,178)
(267,253)
(59,336)
(381,277)
(129,96)
(301,19)
(325,205)
(16,304)
(230,47)
(283,96)
(18,13)
(249,250)
(169,304)
(45,220)
(87,368)
(370,71)
(327,249)
(32,194)
(208,203)
(158,170)
(84,119)
(258,23)
(152,314)
(236,263)
(269,150)
(379,251)
(212,291)
(249,99)
(319,231)
(19,146)
(124,195)
(238,328)
(255,73)
(152,236)
(41,41)
(262,287)
(63,396)
(72,266)
(395,251)
(267,394)
(374,153)
(162,82)
(398,317)
(244,132)
(47,88)
(395,279)
(226,255)
(67,302)
(340,236)
(173,363)
(30,292)
(70,340)
(269,289)
(31,232)
(218,346)
(335,360)
(258,212)
(235,135)
(361,164)
(367,126)
(55,233)
(170,326)
(157,263)
(122,23)
(233,211)
(171,149)
(8,354)
(252,19)
(254,88)
(289,390)
(51,372)
(352,289)
(198,31)
(226,31)
(183,211)
(69,98)
(159,183)
(359,224)
(142,286)
(41,15)
(184,14)
(268,42)
(369,3)
(145,243)
(172,191)
(96,213)
(108,86)
(222,356)
(18,373)
(151,395)
(89,13)
(142,209)
(392,41)
(282,8)
(38,335)
(189,323)
(260,359)
(237,357)
(152,118)
(27,114)
(139,391)
(337,288)
(202,280)
(234,58)
(167,271)
(271,105)
(385,73)
(44,362)
(212,34)
(350,175)
(196,66)
(304,39)
(87,120)
(18,365)
(43,292)
(292,366)
(81,57)
(169,136)
(68,324)
(362,392)
(99,329)
(257,21)
(306,112)
(119,309)
(207,143)
(150,145)
(34,173)
(250,134)
(271,288)
(329,283)
(258,164)
(318,116)
(97,17)
(158,121)
(173,209)
(69,130)
(357,139)
(49,36)
(151,237)
(328,249)
(297,239)
(234,31)
(302,286)
(60,377)
(331,28)
(173,159)
(145,32)
(250,122)
(107,142)
(313,269)
(240,299)
(197,198)
(346,182)
(19,206)
(335,216)
(266,333)
(42,315)
(3,100)
(250,162)
(87,368)
(331,41)
(55,68)
(267,374)
(67,127)
(11,230)
(222,378)
(263,373)
(175,150)
(219,238)
(32,394)
(123,48)
(89,263)
(246,18)
(93,336)
(93,185)
(57,262)
(208,17)
(89,396)
(203,275)
(357,317)
(345,186)
(93,238)
(24,368)
(109,351)
(55,298)
(205,10)
(79,229)
(336,195)
(263,284)
(64,110)
(385,361)
(212,399)
(3,196)
(214,235)
(37,341)
(392,72)
(230,310)
(283,339)
(310,31)
(190,246)
(340,368)
(173,246)
(203,130)
(257,144)
(200,270)
(184,339)
(279,213)
(160,228)
(190,227)
(98,266)
(348,121)
(304,14)
(236,76)
(142,290)
(236,260)
(184,343)
(143,379)
(45,20)
(178,62)
(231,281)
(25,390)
(116,151)
(300,375)
(228,133)
(108,124)
(358,153)
(308,31)
(153,163)
(129,217)
(145,134)
(254,150)
(237,287)
(204,192)
(270,16)
(112,248)
(295,136)
(368,242)
(105,55)
(12,292)
(106,165)
(88,127)
(265,31)
(269,172)
(305,189)
(332,108)
(126,157)
(77,144)
(171,240)
(105,113)
(395,18)
(178,297)
(364,306)
(231,247)
(263,397)
(180,10)
(398,64)
(85,256)
(357,96)
(62,49)
(307,162)
(276,50)
(22,8)
(296,68)
(85,352)
(358,295)
(328,355)
(358,370)
(157,247)
(390,182)
(355,331)
(248,79)
(270,187)
(12,374)
(353,294)
(182,398)
(257,202)
(57,51)
(301,313)
(93,90)
(250,345)
(179,249)
(98,236)
(286,52)
(20,183)
(99,209)
(90,82)
(294,341)
(1,138)
(160,343)
(359,109)
(287,299)
(279,238)
(191,312)
(104,386)
(265,154)
(312,385)
(172,50)
(120,195)
(391,127)
(250,308)
(300,12)
(299,108)
(309,30)
(27,292)
(139,279)
(184,57)
(188,3)
(99,252)
(268,208)
(279,46)
(336,333)
(189,61)
(307,48)
(349,225)
(339,40)
(120,84)
(121,29)
(230,367)
(358,370)
(97,220)
(300,118)
(350,68)
(140,247)
(317,237)
(109,173)
(116,330)
(178,71)
(269,263)
(1,277)
(351,20)
(374,279)
(200,44)
(288,384)
(128,80)
(49,63)
(114,23)
(71,66)
(3,385)
(38,81)
(180,244)
(220,80)
(188,310)
(127,332)
(110,356)
(298,356)
(256,114)
(363,34)
(383,98)
(225,322)
(324,397)
(100,92)
(290,151)
(383,362)
(125,145)
(308,384)
(259,138)
(347,129)
(83,5)
(2,241)
(39,258)
(150,308)
(222,320)
(139,177)
(10,329)
(64,142)
(22,360)
(9,215)
(193,135)
(201,335)
(42,71)
(96,285)
(19,249)
(129,227)
(240,196)
(221,236)
(50,218)
(393,258)
(0,272)
(338,327)
(91,298)
(343,30)
(183,168)
(220,357)
(292,212)
(355,363)
(40,66)
(369,86)
(296,121)
(258,271)
(290,341)
(219,106)
(3,295)
(233,249)
(189,60)
(151,23)
(28,49)
(218,190)
(114,141)
(388,112)
(12,253)
(271,327)
(76,94)
(299,283)
(267,169)
(129,132)
(287,189)
(166,344)
(324,328)
(223,146)
(3,174)
(357,396)
(45,4)
(165,281)
(152,187)
(152,331)
(279,388)
(398,178)
(184,379)
(160,282)
(129,225)
(1,139)
(48,295)
(385,388)
(1,19)
(141,43)
(328,339)
(73,336)
(104,171)
(385,148)
(52,161)
(398,26)
(170,136)
(341,184)
(193,85)
(320,25)
(269,197)
(43,61)
(186,233)
(68,169)
(287,311)
(175,377)
(86,60)
(391,366)
(135,241)
(110,255)
(272,335)
(230,159)
(61,29)
(287,99)
(334,113)
(334,109)
(138,13)
(300,191)
(52,114)
(95,156)
(94,59)
(198,131)
(296,54)
(126,211)
(356,197)
(206,220)
(161,360)
(34,340)
(78,142)
(143,13)
(353,386)
(134,5)
(29,81)
(338,129)
(163,194)
(352,301)
(297,10)
(352,342)
(234,199)
(52,69)
(98,206)
(282,245)
(242,330)
(247,26)
(242,315)
(356,114)
(322,41)
(125,382)
(143,234)
(207,65)
(348,197)
(346,286)
(128,82)
(127,113)
(96,363)
(52,383)
(330,232)
(291,252)
(204,347)
(228,212)
(322,86)
(52,146)
(350,118)
(176,323)
(170,386)
(291,161)
(374,321)
(326,268)
(78,339)
(339,320)
(157,151)
(353,110)
(281,128)
(238,317)
(182,188)
(20,26)
(180,313)
(59,168)
(396,346)
(311,251)
(161,84)
(66,37)
(292,359)
(98,124)
(94,67)
(13,218)
(35,343)
(77,292)
(166,246)
(381,399)
(148,264)
(220,231)
(224,105)
(43,208)
(176,37)
(305,146)
(300,158)
(153,352)
(66,108)
(343,399)
(281,152)
(162,149)
(52,32)
(274,127)
(7,132)
(344,177)
(194,289)
(348,15)
(353,246)
(133,27)
(382,275)
(173,267)
(377,73)
(73,88)
(115,290)
(36,148)
(94,357)
(65,355)
(292,261)
(272,340)
(158,134)
(311,182)
(122,42)
(114,288)
(208,322)
(255,172)
(384,203)
(368,373)
(168,183)
(106,333)
(344,359)
(362,85)
(47,301)
(51,282)
(167,171)
(119,254)
(330,299)
(343,230)
(328,235)
(383,280)
(319,351)
(360,339)
(49,212)
(64,242)
(301,81)
(40,164)
(85,21)
(334,230)
(301,130)
(377,387)
(76,29)
(320,160)
(315,180)
(173,356)
(387,271)
(245,233)
(158,106)
(355,228)
(47,35)
(360,294)
(34,252)
(32,232)
(129,48)
(112,47)
(172,101)
(205,52)
(365,378)
(85,186)
(6,332)
(316,245)
(141,115)
(182,200)
(281,145)
(131,101)
(267,133)
(365,312)
(330,225)
(358,42)
(66,387)
(17,300)
(122,255)
(290,386)
(392,69)
(71,71)
(327,321)
(76,369)
(87,255)
(137,139)
(183,135)
(97,242)
(324,383)
(191,259)
(226,25)
(71,138)
(121,382)
(53,191)
(264,193)
(152,336)
(83,4)
(21,236)
(251,17)
(44,17)
(261,168)
(79,108)
(245,82)
(207,114)
(174,71)
(49,1)
(114,122)
(156,386)
(287,284)
(323,209)
(159,157)
(160,97)
(399,175)
(112,150)
(326,206)
(312,227)
(24,82)
(271,164)
(181,57)
(290,19)
(22,380)
(241,331)
(307,289)
(385,359)
(365,67)
(343,275)
(313,204)
(112,215)
(294,4)
(391,4)
(302,84)
(371,25)
(350,44)
(40,354)
(388,23)
(81,52)
(336,179)
(48,84)
(117,148)
(271,217)
(99,339)
(66,389)
(176,283)
(314,2)
(177,379)
(324,84)
(49,62)
(318,352)
(211,281)
(242,15)
(197,159)
(153,366)
(357,313)
(329,159)
(231,225)
(122,92)
(211,163)
(194,172)
(245,12)
(360,38)
(275,198)
(34,236)
(185,270)
(163,102)
(265,68)
(231,366)
(218,92)
(143,322)
(310,392)
(209,44)
(379,302)
(201,370)
(340,166)
(199,117)
(257,157)
(15,384)
(289,207)
(48,241)
(398,354)
(34,251)
(239,287)
(126,8)
(391,220)
(286,155)
(117,82)
(274,32)
(313,267)
(376,77)
(276,155)
(39,130)
(292,207)
(189,84)
(364,137)
(333,285)
(271,184)
(78,94)
(21,100)
(377,116)
(135,342)
(240,326)
(207,90)
(262,342)
(78,270)
(276,159)
(97,33)
(376,178)
(370,50)
(25,382)
(141,347)
(246,328)
(205,250)
(72,373)
(39,103)
(238,135)
(196,381)
(24,185)
(28,60)
(56,345)
(387,169)
(349,66)
(6,10)
(92,235)
(150,153)
(71,24)
(325,361)
(171,376)
(44,168)
(322,119)
(154,0)
(327,378)
(197,16)
(240,324)
(255,158)
(378,276)
(295,287)
(214,38)
(267,122)
(312,326)
(330,236)
(367,265)
(344,309)
(64,54)
(195,80)
(273,375)
(244,361)
(100,319)
(284,4)
(7,243)
(309,362)
(379,262)
(170,261)
(317,284)
(42,240)
(114,275)
(144,53)
(221,383)
(110,66)
(95,270)
(59,158)
(13,36)
(86,90)
(214,193)
(78,10)
(193,98)
(359,253)
(135,240)
(372,397)
(88,267)
(324,192)
(352,348)
(162,262)
(88,84)
(281,90)
(193,194)
(148,202)
(275,180)
(150,388)
(199,285)
(123,135)
(338,169)
(241,101)
(35,378)
(23,318)
(191,88)
(179,368)
(370,2)
(387,209)
(357,7)
(222,363)
(83,323)
(310,147)
(146,102)
(81,17)
(220,332)
(234,138)
(94,11)
(65,61)
(278,395)
(280,118)
(85,369)
(276,42)
(25,326)
(60,201)
(222,339)
(66,230)
(234,52)
(57,262)
(69,247)
(83,265)
(151,216)
(347,368)
(347,117)
(128,255)
(63,182)
(114,17)
(76,234)
(129,184)
(198,192)
(348,285)
(267,318)
(76,341)
(99,148)
(185,251)
(151,40)
(12,12)
(336,359)
(266,388)
(49,74)
(124,165)
(84,123)
(178,106)
(273,197)
(230,374)
(215,98)
(354,324)
(348,243)
(106,285)
(58,119)
(99,58)
(166,225)
(157,91)
(63,219)
(314,104)
(351,19)
(58,125)
(318,316)
(384,204)
(40,338)
(286,216)
(165,113)
(9,172)
(367,383)
(363,334)
(262,83)
(37,366)
(61,94)
(126,157)
(126,89)
(80,191)
(31,203)
(53,105)
(322,294)
(376,211)
(357,194)
(355,55)
(116,323)
(272,356)
(359,382)
(266,79)
(372,341)
(191,2)
(159,22)
(237,46)
(297,187)
(68,219)
(223,245)
(266,204)
(24,43)
(104,156)
(270,337)
(85,186)
(235,180)
(230,46)
(266,373)
(212,375)
(205,247)
(338,235)
(269,100)
(199,45)
(91,256)
(248,81)
(48,89)
(96,38)
(216,327)
(97,349)
(249,58)
(46,177)
(201,343)
(297,340)
(221,179)
(231,173)
(76,379)
(354,382)
(85,66)
(304,53)
(33,59)
(303,321)
(345,266)
(298,232)
(346,306)
(240,37)
(40,353)
(368,274)
(328,226)
(313,35)
(128,227)
(353,266)
(39,7)
(48,307)
(96,141)
(306,45)
(227,373)
(377,158)
(302,252)
(391,6)
(11,55)
(242,155)
(224,202)
(280,124)
(378,43)
(139,304)
(137,153)
(266,325)
(32,270)
(277,225)
(187,363)
(16,240)
(226,87)
(326,15)
(181,121)
(172,66)
(147,390)
(217,172)
(270,156)
(142,382)
(84,156)
(361,277)
(33,314)
(279,39)
(115,239)
(175,203)
(348,15)
(379,160)
(193,195)
(265,147)
(154,309)
(127,393)
(328,384)
(150,252)
(288,17)
(386,31)
(159,117)
(286,314)
(306,188)
(381,354)
(20,294)
(76,161)
(276,365)
(270,201)
(175,293)
(19,166)
(29,271)
(341,134)
(152,189)
(279,298)
(88,224)
(148,195)
(224,217)
(43,186)
(142,94)
(207,14)
(386,389)
(138,377)
(282,295)
(171,93)
(268,379)
(268,268)
(284,37)
(310,391)
(336,357)
(361,311)
(334,136)
(5,50)
(18,329)
(378,148)
(291,190)
(293,200)
(107,30)
(263,83)
(295,33)
(366,265)
(84,338)
(199,161)
(393,271)
(54,307)
(310,61)
(252,35)
(196,10)
(15,43)
(317,55)
(157,116)
(58,385)
(243,68)
(170,338)
(127,175)
(169,190)
(19,110)
(320,351)
(57,90)
(58,30)
(125,61)
(306,216)
(179,314)
(311,294)
(250,6)
(354,172)
(362,147)
(376,349)
(188,390)
(3,226)
(101,9)
(82,92)
(367,350)
(22,179)
(186,369)
(139,224)
(122,353)
(356,298)
(310,142)
(231,199)
(232,167)
(135,179)
(190,216)
(190,20)
(345,92)
(312,264)
(272,305)
(252,212)
(3,299)
(360,166)
(187,201)
(85,370)
(98,397)
(179,66)
(34,216)
(383,393)
(72,268)
(56,339)
(55,89)
(133,209)
(284,96)
(29,255)
(371,148)
(330,303)
(264,30)
(88,332)
(159,210)
(260,251)
(76,7)
(377,184)
(131,186)
(124,174)
(102,378)
(222,227)
(282,102)
(311,113)
(282,58)
(148,102)
(196,93)
(115,33)
(316,236)
(314,370)
(55,265)
(381,79)
(58,187)
(125,138)
(246,8)
(293,363)
(219,206)
(264,177)
(310,40)
(181,120)
(392,4)
(76,381)
(133,160)
(351,118)
(339,197)
(170,139)
(325,209)
(39,347)
(135,225)
(168,260)
(64,198)
(269,279)
(111,119)
(55,23)
(388,112)
(128,319)
(399,77)
(67,210)
(185,347)
(39,353)
(18,246)
(177,263)
(266,286)
(135,191)
(302,75)
(309,247)
(184,180)
(324,26)
(2,253)
(129,352)
(177,27)
(351,309)
(282,369)
(170,21)
(291,19)
(239,148)
(324,326)
(113,26)
(75,66)
(8,248)
(364,54)
(203,183)
(292,342)
(79,77)
(284,131)
(202,243)
(243,172)
(238,302)
(379,65)
(70,30)
(351,222)
(372,359)
(204,265)
(182,164)
(191,273)
(267,10)
(352,226)
(250,58)
(234,183)
(261,156)
(56,372)
(182,316)
(63,92)
(248,337)
(42,281)
(231,7)
(351,75)
(231,22)
(165,131)
(279,166)
(351,313)
(117,90)
(235,293)
(188,192)
(392,170)
(154,220)
(156,112)
(92,277)
(120,260)
(292,388)
(5,205)
(339,348)
(186,79)
(82,387)
(364,304)
(158,68)
(334,299)
(394,173)
(126,385)
(186,151)
(156,88)
(357,344)
(302,113)
(88,163)
(100,360)
(212,167)
(41,132)
(241,47)
(386,317)
(71,250)
(388,34)
(105,345)
(9,380)
(291,277)
(197,351)
(33,171)
(98,292)
(39,304)
(326,382)
(172,90)
(395,63)
(360,238)
(325,208)
(194,363)
(135,352)
(127,188)
(347,110)
(96,313)
(290,166)
(190,111)
(291,344)
(35,278)
(248,258)
(293,59)
(310,281)
(15,96)
(100,301)
(281,20)
(95,68)
(0,193)
(199,35)
(371,87)
(56,23)
(273,220)
(177,257)
(192,135)
(32,315)
(5,307)
(65,34)
(390,335)
(25,345)
(71,87)
(310,246)
(291,302)
(11,176)
(257,342)
(351,5)
(17,385)
(324,30)
(308,242)
(312,267)
(349,316)
(234,0)
(358,27)
(112,198)
(139,110)
(62,194)
(396,285)
(324,388)
(357,243)
(223,63)
(94,295)
(87,286)
(377,194)
(336,119)
(69,383)
(222,154)
(188,184)
(17,210)
(100,157)
(230,302)
(334,193)
(275,150)
(364,173)
(337,109)
(277,87)
(123,266)
(217,287)
(260,197)
(371,343)
(346,272)
(391,65)
(72,45)
(348,197)
(17,220)
(123,289)
(212,228)
(119,111)
(312,148)
(86,337)
(243,164)
(363,367)
(215,372)
(53,272)
(398,350)
(126,102)
(57,33)
(343,226)
(110,166)
(307,393)
(94,60)
(198,108)
(176,42)
(33,291)
(255,354)
(330,16)
(133,54)
(215,16)
(72,350)
(189,196)
(127,348)
(285,23)
(312,168)
(193,318)
(221,63)
(212,351)
(347,102)
(65,314)
(239,340)
(373,342)
(153,278)
(133,348)
(97,305)
(7,173)
(395,399)
(118,368)
(299,197)
(212,71)
(77,33)
(77,200)
(370,336)
(7,47)
(223,354)
(229,41)
(292,307)
(46,240)
(62,387)
(122,113)
(114,44)
(266,94)
(380,80)
(79,328)
(211,196)
(294,254)
(330,236)
(368,134)
(354,59)
(270,15)
(131,242)
(49,378)
(272,263)
(321,10)
(176,222)
(332,377)
(61,278)
(150,355)
(377,360)
(200,220)
(135,148)
(348,159)
(45,205)
(142,80)
(53,314)
(334,5)
(350,106)
(334,392)
(137,317)
(290,310)
(271,211)
(121,46)
(207,68)
(226,166)
(249,149)
(143,261)
(334,260)
(129,185)
(278,246)
(146,295)
(174,213)
(124,139)
(44,388)
(34,44)
(342,321)
(20,314)
(33,382)
(192,300)
(209,7)
(159,377)
(235,141)
(43,314)
(194,141)
(330,77)
(358,114)
(265,25)
(302,225)
(84,170)
(369,119)
(231,15)
(6,320)
(208,94)
(301,383)
(306,350)
(218,201)
(80,184)
(314,353)
(355,358)
(241,308)
(89,356)
(167,76)
(291,303)
(250,6)
(8,41)
(90,310)
(234,23)
(393,304)
(334,305)
(0,389)
(301,75)
(71,337)
(78,342)
(61,164)
(190,255)
(269,186)
(195,257)
(130,71)
(388,43)
(305,324)
(369,143)
(85,245)
(171,46)
(83,58)
(122,369)
(377,122)
(12,374)
(195,268)
(169,68)
(214,55)
(164,27)
(362,213)
(394,156)
(103,180)
(64,238)
(382,287)
(151,73)
(363,262)
(82,41)
(247,320)
(290,353)
(139,362)
(83,7)
(200,289)
(385,52)
(330,249)
(139,222)
(18,36)
(389,112)
(354,388)
(34,253)
(66,268)
(378,291)
(372,251)
(309,164)
(16,27)
(205,159)
(289,165)
(91,142)
(386,310)
(150,365)
(149,248)
(262,387)
(175,19)
(152,89)
(253,49)
(189,222)
(366,132)
(142,281)
(212,238)
(391,295)
(362,68)
(44,3)
(263,173)
(362,205)
(133,334)
(159,68)
(258,75)
(112,37)
(130,42)
(325,299)
(258,249)
(65,345)
(361,368)
(338,8)
(343,278)
(57,53)
(68,338)
(239,199)
(162,33)
(283,218)
(6,237)
(361,117)
(46,13)
(340,127)
(169,4)
(324,30)
(2,272)
(210,282)
(351,108)
(289,272)
(200,42)
(316,122)
(201,90)
(243,243)
(294,308)
(326,51)
(353,44)
(37,376)
(172,45)
(14,223)
(286,22)
(148,182)
(76,165)
(49,248)
(304,61)
(78,376)
(104,108)
(254,67)
(288,385)
(177,396)
(8,94)
(166,364)
(399,302)
(382,321)
(319,189)
(57,171)
(208,339)
(281,297)
(320,201)
(256,210)
(6,334)
(181,272)
(71,148)
(321,257)
(188,245)
(188,165)
(229,332)
(92,57)
(252,162)
(382,250)
(265,145)
(395,269)
(320,119)
(97,94)
(205,43)
(19,384)
(110,365)
(393,31)
(325,20)
(126,287)
(67,103)
(306,89)
(98,24)
(130,210)
(197,354)
(398,190)
(233,228)
(396,338)
(288,354)
(369,304)
(123,10)
(7,228)
(82,145)
(57,190)
(309,158)
(333,297)
(73,159)
(395,24)
(103,148)
(60,133)
(96,262)
(242,109)
(163,12)
(215,92)
(184,64)
(268,399)
(370,42)
(239,340)
(255,348)
(0,221)
(197,59)
(248,392)
(106,29)
(211,319)
(120,70)
(333,309)
(87,306)
(160,219)
(266,263)
(234,7)
(107,199)
(74,30)
(234,363)
(51,51)
(371,155)
(160,281)
(102,73)
(315,165)
(97,98)
(358,306)
(347,62)
(286,242)
(182,12)
(313,187)
(88,189)
(206,297)
(309,42)
(375,156)
(383,243)
(162,324)
(239,385)
(111,274)
(193,95)
(306,315)
(376,171)
(137,82)
(341,312)
(64,3)
(369,196)
(352,43)
(71,368)
(97,379)
(220,108)
(179,279)
(147,69)
(47,346)
(73,318)
(104,208)
(103,349)
(19,369)
(151,226)
(311,388)
(155,44)
(236,271)
(5,36)
(304,389)
(15,194)
(231,45)
(368,350)
(313,179)
(110,304)
(198,229)
(151,224)
(186,254)
(39,285)
(62,105)
(78,65)
(351,198)
(372,327)
(309,86)
(122,250)
(347,304)
(39,218)
(329,336)
(8,57)
(132,144)
(391,153)
(94,199)
(156,390)
(238,104)
(395,362)
(354,268)
(139,267)
(194,399)
(245,194)
(153,287)
(220,375)
(295,157)
(41,181)
(252,110)
(40,262)
(322,103)
(233,327)
(271,297)
(229,246)
(100,29)
(265,339)
(312,195)
(11,38)
(101,373)
(329,51)
(310,264)
(367,142)
(374,111)
(62,359)
(48,311)
(37,234)
(205,64)
(90,310)
(85,172)
(117,394)
(205,36)
(51,67)
(347,332)
(343,367)
(210,284)
(22,397)
(19,2)
(201,153)
(105,333)
(345,199)
(89,343)
(167,91)
(347,243)
(209,120)
(385,180)
(23,331)
(305,330)
(178,378)
(254,59)
(130,73)
(188,258)
(395,238)
(128,223)
(25,260)
(80,103)
(296,262)
(115,141)
(19,294)
(59,97)
(124,175)
(274,173)
(351,280)
(305,268)
(300,69)
(107,7)
(183,361)
(191,68)
(338,396)
(116,236)
(9,38)
(248,220)
(348,259)
(381,338)
(325,52)
(204,259)
(235,58)
(385,3)
(358,315)
(391,217)
(217,199)
(48,79)
(310,271)
(317,116)
(384,129)
(7,282)
(285,167)
(290,311)
(320,392)
(93,138)
(381,225)
(103,172)
(297,180)
(239,111)
(103,389)
(61,318)
(83,75)
(183,374)
(181,230)
(161,117)
(258,243)
(390,378)
(350,303)
(102,242)
(279,394)
(354,88)
(378,324)
(138,218)
(9,346)
(121,227)
(96,59)
(52,138)
(320,140)
(176,204)
(309,109)
(69,280)
(102,309)
(135,65)
(162,262)
(374,22)
(303,266)
(8,146)
(219,13)
(59,356)
(96,19)
(242,163)
(242,316)
(376,29)
(24,164)
(134,15)
(320,167)
(95,197)
(221,372)
(213,251)
(139,90)
(68,213)
(338,321)
(378,254)
(47,311)
(189,53)
(297,284)
(10,310)
(98,307)
(45,191)
(284,335)
(8,212)
(130,110)
(257,219)
(111,373)
(9,359)
(61,246)
(4,39)
(164,118)
(115,207)
(67,98)
(327,318)
(252,312)
(194,234)
(15,169)
(101,225)
(385,47)
(282,74)
(14,238)
(86,144)
(2,55)
(144,371)
(64,273)
(133,393)
(254,306)
(133,24)
(70,308)
(354,234)
(88,326)
(396,172)
(390,350)
(352,392)
(128,386)
(365,379)
(384,300)
(291,398)
(90,185)
(192,176)
(141,380)
(121,146)
(335,160)
(259,20)
(257,242)
(141,390)
(305,263)
(214,223)
(213,238)
(194,175)
(234,327)
(283,120)
(61,44)
(104,120)
(275,265)
(95,212)
(145,318)
(30,156)
(51,25)
(369,175)
(162,361)
(348,19)
(163,143)
(115,53)
(119,88)
(347,132)
(59,217)
(76,131)
(250,272)
(342,144)
(397,345)
(83,217)
(278,353)
(296,171)
(123,248)
(37,6)
(80,391)
(136,228)
(167,127)
(397,282)
(334,249)
(282,258)
(203,167)
(86,6)
(214,387)
(160,80)
(175,141)
(290,69)
(100,348)
(208,246)
(11,226)
(271,138)
(183,328)
(167,128)
(254,287)
(259,382)
(323,92)
(153,42)
(26,142)
(149,318)
(243,49)
(303,303)
(37,246)
(73,335)
(22,138)
(91,244)
(74,339)
(162,372)
(151,334)
(111,275)
(82,69)
(170,278)
(142,234)
(27,223)
(54,149)
(94,139)
(337,125)
(68,31)
(62,249)
(229,117)
(107,6)
(384,247)
(233,392)
(20,259)
(94,345)
(252,196)
(209,255)
(334,35)
(286,69)
(11,253)
(93,126)
(326,265)
(171,145)
(350,309)
(215,143)
(112,196)
(166,61)
(23,264)
(333,157)
(222,169)
(373,169)
(390,27)
(190,230)
(60,60)
(35,191)
(85,250)
(240,334)
(128,135)
(373,246)
(7,295)
(282,246)
(52,278)
(363,114)
(117,39)
(201,5)
(153,61)
(326,89)
(49,242)
(352,147)
(27,196)
(306,122)
(34,262)
(393,245)
(48,46)
(298,31)
(307,40)
(307,10)
(269,341)
(306,57)
(128,160)
(211,55)
(48,356)
(293,365)
(383,291)
(90,387)
(254,117)
(202,143)
(272,19)
(266,331)
(393,284)
(301,317)
(287,174)
(329,139)
(297,80)
(251,339)
(158,65)
(341,205)
(133,107)
(138,35)
(175,128)
(246,330)
(166,225)
(57,14)
(377,394)
(296,354)
(220,337)
(111,192)
(207,86)
(218,3)
(94,52)
(1,140)
(121,153)
(140,278)
(272,68)
(273,221)
(351,250)
(1,15)
(362,243)
(189,206)
(121,164)
(256,155)
(32,217)
(103,159)
(306,211)
(10,352)
(67,122)
(301,53)
(225,391)
(385,257)
(103,265)
(381,324)
(176,223)
(257,305)
(82,316)
(148,28)
(197,62)
(368,144)
(168,283)
(277,196)
(56,9)
(346,128)
(384,10)
(340,58)
(357,221)
(44,225)
(90,68)
(244,333)
(367,123)
(326,352)
(377,199)
(62,250)
(252,141)
(111,289)
(97,360)
(125,301)
(317,52)
(205,184)
(392,334)
(150,399)
(357,170)
(137,7)
(254,364)
(261,23)
(293,64)
(316,363)
(173,161)
(89,233)
(214,30)
(336,6)
(209,161)
(211,350)
(393,205)
(344,296)
(140,160)
(303,162)
(0,357)
(97,109)
(227,221)
(76,256)
(82,233)
(15,60)
(42,375)
(365,357)
(126,90)
(273,149)
(108,204)
(239,45)
(387,309)
(31,276)
(389,243)
(109,349)
(277,302)
(230,354)
(185,64)
(100,387)
(24,222)
(280,51)
(67,14)
(252,144)
(74,277)
(248,297)
(206,39)
(32,168)
(55,166)
(284,390)
(336,374)
(320,261)
(377,34)
(282,225)
(298,146)
(336,163)
(80,62)
(122,87)
(211,51)
(88,90)
(216,296)
(88,146)
(214,163)
(205,331)
(162,22)
(3,270)
(226,29)
(322,369)
(361,100)
(93,103)
(266,315)
(100,125)
(284,159)
(295,234)
(383,150)
(234,386)
(115,260)
(38,198)
(136,44)
(133,29)
(338,347)
(215,329)
(76,312)
(239,94)
(348,70)
(363,207)
(169,287)
(250,111)
(49,120)
(177,131)
(208,64)
(225,152)
(164,252)
(168,148)
(158,239)
(34,195)
(231,122)
(399,74)
(85,398)
(329,83)
(193,350)
(312,32)
(202,17)
(305,258)
(372,95)
(362,358)
(93,330)
(18,356)
(323,375)
(287,177)
(248,218)
(336,44)
(361,22)
(132,123)
(359,84)
(84,184)
(64,86)
(240,293)
(123,170)
(70,102)
(138,204)
(141,300)
(395,266)
(140,48)
(143,121)
(353,341)
(239,282)
(353,35)
(281,95)
(19,320)
(323,33)
(230,330)
(330,375)
(190,157)
(392,289)
(163,183)
(128,71)
(293,111)
(287,64)
(339,283)
(101,219)
(186,56)
(30,386)
(259,114)
(26,351)
(334,346)
(242,116)
(21,306)
(332,371)
(311,190)
(218,268)
(232,145)
(321,60)
(369,378)
(329,188)
(328,149)
(225,201)
(77,93)
(274,257)
(363,73)
(71,241)
(151,34)
(36,265)
(246,34)
(68,295)
(114,189)
(96,324)
(88,138)
(100,206)
(79,287)
(333,70)
(241,95)
(28,54)
(299,266)
(370,15)
(79,396)
(184,241)
(187,188)
(200,209)
(318,345)
(373,143)
(240,329)
(54,264)
(121,320)
(160,49)
(378,285)
(131,104)
(376,155)
(136,384)
(323,19)
(159,99)
(205,16)
(383,338)
(131,292)
(21,130)
(282,260)
(399,93)
(315,399)
(394,58)
(227,61)
(106,165)
(252,47)
(42,143)
(246,279)
(21,269)
(123,318)
(114,80)
(92,163)
(392,210)
(88,327)
(293,202)
(108,363)
(393,215)
(115,338)
(134,110)
(32,41)
(166,205)
(4,140)
(241,92)
(129,356)
(226,20)
(394,38)
(34,385)
(122,319)
(393,308)
(108,285)
(138,237)
(291,281)
(178,276)
(29,81)
(350,27)
(15,54)
(192,220)
(242,185)
(226,209)
(312,344)
(300,41)
(55,57)
(236,121)
(277,269)
(283,245)
(227,184)
(322,234)
(153,259)
(135,52)
(15,294)
(22,293)
(332,114)
(366,102)
(165,324)
(386,295)
(47,95)
(26,182)
(269,241)
(47,189)
(18,250)
(229,74)
(202,181)
(274,224)
(235,38)
(281,135)
(264,16)
(374,35)
(142,48)
(2,311)
(347,384)
(68,195)
(196,82)
(350,1)
(150,133)
(396,110)
(256,8)
(123,72)
(148,389)
(399,212)
(3,232)
(250,39)
(364,394)
(115,98)
(227,5)
(57,313)
(27,341)
(142,388)
(376,229)
(13,322)
(171,148)
(110,146)
(226,347)
(336,225)
(73,389)
(102,226)
(44,203)
(172,12)
(158,129)
(385,212)
(118,258)
(132,310)
(92,85)
(75,288)
(217,34)
(280,93)
(85,56)
(302,314)
(62,381)
(174,210)
(315,45)
(301,64)
(364,42)
(56,140)
(304,210)
(195,267)
(118,301)
(379,275)
(164,83)
(293,235)
(302,396)
(171,142)
(125,376)
(68,317)
(267,86)
(34,279)
(77,19)
(48,335)
(387,242)
(64,359)
(142,358)
(373,78)
(229,55)
(301,283)
(189,146)
(250,397)
(21,347)
(190,238)
(324,263)
(275,355)
(95,154)
(58,241)
(69,385)
(43,9)
(256,276)
(100,161)
(50,359)
(0,63)
(369,369)
(67,148)
(120,291)
(197,157)
(317,273)
(156,249)
(321,298)
(259,51)
(14,342)
(87,145)
(34,146)
(252,62)
(227,76)
(280,3)
(308,312)
(161,7)
(304,22)
(307,353)
(104,107)
(247,17)
(139,44)
(332,198)
(76,179)
(211,271)
(289,325)
(119,266)
(395,42)
(29,18)
(176,7)
(321,14)
(57,160)
(181,335)
(65,24)
(23,283)
(372,218)
(346,388)
(184,39)
(256,22)
(279,107)
(76,244)
(51,249)
(62,385)
(386,272)
(327,200)
(387,146)
(216,6)
(363,136)
(371,286)
(76,19)
(192,161)
(18,248)
(338,91)
(352,278)
(70,234)
(62,279)
(141,384)
(73,182)
(387,374)
(286,304)
(23,74)
(61,59)
(215,378)
(177,99)
(68,178)
(178,387)
(272,279)
(294,88)
(132,146)
(93,41)
(354,274)
(11,77)
(131,7)
(42,66)
(89,78)
(161,390)
(328,290)
(310,275)
(106,329)
(397,173)
(180,182)
(347,45)
(5,331)
(388,57)
(373,73)
(55,2)
(48,173)
(75,153)
(397,357)
(333,169)
(337,100)
(297,383)
(109,36)
(54,267)
(193,161)
(28,289)
(229,393)
(327,350)
(126,48)
(118,367)
(6,286)
(232,52)
(92,311)
(380,226)
(15,122)
(287,36)
(230,281)
(138,245)
(107,77)
(25,127)
(380,94)
(46,224)
(289,200)
(147,300)
(363,330)
(311,288)
(346,189)
(215,27)
(347,70)
(141,166)
(172,260)
(177,345)
(254,287)
(119,271)
(53,303)
(61,342)
(146,366)
(154,138)
(236,156)
(345,237)
(348,78)
(96,215)
(42,370)
(341,136)
(232,199)
(268,382)
(63,112)
(88,53)
(236,290)
(7,196)
(283,176)
(107,74)
(231,248)
(50,15)
(282,350)
(296,48)
(216,331)
(286,227)
(151,100)
(139,286)
(249,67)
(85,319)
(83,30)
(92,51)
(196,151)
(133,11)
(263,74)
(115,333)
(9,348)
(384,4)
(25,76)
(233,268)
(115,95)
(65,357)
(99,127)
(81,310)
(18,225)
(135,239)
(317,96)
(113,118)
(109,307)
(331,79)
(399,336)
(40,57)
(175,223)
(220,55)
(387,5)
(171,81)
(207,279)
(176,152)
(152,368)
(232,296)
(3,260)
(292,316)
(335,138)
(312,370)
(154,346)
(173,149)
(358,11)
(340,287)
(320,82)
(200,63)
(60,57)
(132,222)
(377,125)
(206,341)
(383,113)
(194,208)
(142,357)
(379,224)
(284,257)
(353,10)
(271,99)
(109,70)
(287,101)
(179,47)
(214,201)
(200,102)
(45,167)
(66,378)
(34,146)
(372,196)
(140,312)
(361,21)
(181,157)
(70,25)
(81,244)
(380,187)
(217,18)
(296,206)
(125,105)
(116,316)
(385,22)
(296,370)
(295,363)
(279,294)
(21,356)
(209,201)
(13,377)
(63,341)
(101,112)
(106,360)
(304,302)
(90,141)
(120,61)
(341,349)
(228,270)
(114,109)
(399,173)
(224,24)
(63,128)
(353,170)
(216,203)
(154,11)
(299,275)
(219,335)
(248,146)
(9,338)
(387,267)
(307,258)
(333,276)
(334,335)
(82,332)
(33,254)
(41,165)
(142,122)
(338,279)
(173,367)
(38,202)
(35,121)
(377,324)
(80,159)
(364,12)
(286,325)
(109,126)
(256,21)
(194,280)
(387,358)
(321,364)
(231,65)
(192,207)
(288,262)
(388,132)
(247,3)
(252,73)
(55,29)
(166,287)
(85,283)
(317,151)
(349,35)
(392,242)
(136,65)
(73,49)
(265,185)
(44,122)
(263,124)
(214,311)
(346,119)
(7,374)
(134,65)
(77,166)
(279,97)
(101,172)
(4,118)
(132,250)
(118,317)
(188,71)
(197,323)
(335,396)
(330,69)
(235,86)
(77,355)
(227,304)
(103,289)
(257,38)
(166,199)
(386,202)
(221,324)
(395,324)
(389,345)
(119,301)
(139,247)
(275,186)
(308,284)
(391,355)
(171,164)
(80,215)
(116,200)
(289,331)
(215,26)
(304,365)
(70,22)
(215,100)
(130,399)
(9,21)
(125,138)
(304,155)
(191,316)
(347,394)
(36,142)
(252,264)
(143,41)
(182,384)
(317,99)
(76,266)
(265,279)
(369,384)
(96,118)
(167,114)
(376,276)
(119,173)
(73,95)
(358,387)
(1,120)
(209,360)
(19,46)
(188,153)
(202,301)
(282,132)
(6,266)
(265,22)
(122,38)
(366,176)
(236,342)
(317,268)
(137,32)
(83,113)
(26,66)
(32,48)
(50,148)
(271,325)
(235,258)
(81,220)
(44,288)
(273,111)
(303,364)
(9,355)
(211,366)
(245,247)
(353,222)
(215,281)
(185,234)
(312,95)
(152,272)
(80,128)
(91,73)
(135,329)
(385,198)
(77,217)
(138,307)
(122,29)
(213,83)
(122,177)
(263,143)
(35,201)
(399,261)
(195,10)
(170,2)
(30,291)
(147,141)
(94,311)
(155,343)
(91,331)
(356,1)
(147,136)
(64,336)
(283,293)
(33,219)
(357,358)
(187,305)
(387,308)
(343,138)
(378,378)
(11,376)
(352,285)
(80,30)
(31,233)
(64,266)
(312,28)
(5,166)
(140,190)
(151,41)
(218,163)
(43,248)
(384,42)
(223,181)
(17,372)
(196,211)
(176,6)
(180,176)
(241,269)
(146,255)
(247,43)
(243,203)
(143,379)
(226,111)
(333,94)
(9,91)
(212,388)
(113,5)
(74,247)
(8,336)
(45,310)
(129,318)
(301,351)
(86,373)
(185,338)
(111,214)
(22,261)
(232,257)
(292,22)
(126,21)
(94,51)
(370,371)
(94,357)
(194,260)
(276,381)
(137,308)
(45,15)
(303,281)
(63,134)
(166,146)
(355,287)
(63,16)
(195,131)
(95,260)
(328,197)
(298,2)
(233,236)
(220,297)
(49,146)
(123,193)
(100,44)
(221,47)
(178,129)
(389,105)
(384,276)
(67,252)
(84,306)
(60,209)
(291,87)
(332,268)
(271,168)
(197,135)
(256,376)
(40,33)
(344,259)
(316,177)
(294,139)
(253,259)
(243,114)
(393,282)
(95,134)
(135,89)
(222,177)
(279,8)
(150,304)
(293,343)
(283,340)
(12,224)
(122,237)
(337,201)
(335,277)
(174,247)
(326,80)
(67,38)
(15,25)
(380,191)
(346,226)
(200,58)
(15,168)
(66,16)
(63,162)
(285,48)
(61,282)
(241,50)
(98,201)
(287,99)
(394,4)
(174,284)
(362,301)
(96,212)
(88,376)
(299,205)
(310,273)
(64,31)
(64,28)
(284,258)
(194,200)
(187,35)
(333,47)
(163,124)
(314,359)
(63,14)
(322,310)
(75,288)
(150,62)
(242,379)
(19,116)
(303,284)
(187,127)
(85,315)
(198,85)
(159,303)
(118,177)
(159,133)
(46,395)
(13,136)
(18,84)
(79,36)
(266,80)
(12,355)
(396,160)
(28,47)
(170,292)
(378,288)
(311,6)
(265,313)
(238,42)
(234,294)
(43,29)
(255,340)
(62,309)
(56,311)
(128,121)
(323,175)
(139,57)
(96,355)
(247,133)
(64,275)
(50,231)
(62,368)
(353,27)
(235,91)
(68,269)
(214,73)
(147,125)
(133,310)
(147,220)
(161,56)
(295,367)
(191,171)
(337,389)
(114,111)
(69,374)
(9,211)
(358,199)
(272,276)
(226,238)
(144,46)
(199,3)
(117,11)
(5,31)
(67,144)
(69,127)
(275,317)
(48,155)
(29,213)
(155,275)
(126,70)
(327,334)
(231,131)
(326,179)
(28,364)
(293,353)
(40,261)
(41,41)
(321,329)
(120,162)
(57,79)
(386,215)
(194,26)
(57,239)
(364,151)
(305,108)
(366,87)
(168,33)
(367,180)
(360,341)
(73,285)
(69,386)
(165,379)
(264,336)
(115,131)
(351,345)
(244,278)
(138,378)
(241,259)
(285,74)
(42,9)
(337,126)
(38,296)
(97,67)
(387,10)
(386,10)
(201,197)
(227,179)
(131,364)
(73,94)
(345,129)
(46,73)
(217,317)
(244,241)
(38,82)
(242,1)
(68,204)
(151,352)
(220,92)
(362,118)
(152,121)
(288,338)
(281,64)
(304,242)
(215,163)
(170,369)
(165,269)
(269,67)
(27,378)
(191,76)
(178,106)
(143,330)
(336,258)
(18,244)
(54,4)
(228,359)
(280,99)
(54,274)
(175,256)
(106,283)
(340,273)
(225,358)
(287,256)
(134,330)
(96,137)
(29,228)
(2,137)
(159,124)
(70,9)
(298,38)
(256,74)
(162,166)
(303,155)
(17,238)
(170,255)
(11,239)
(363,6)
(41,198)
(324,189)
(31,312)
(31,152)
(59,233)
(272,132)
(177,79)
(357,133)
(55,195)
(304,333)
(111,123)
(130,368)
(399,288)
(296,255)
(175,213)
(63,252)
(24,261)
(247,76)
(159,359)
(336,154)
(234,39)
(343,47)
(51,314)
(388,350)
(178,146)
(144,179)
(284,131)
(8,19)
(151,391)
(152,61)
(241,105)
(24,343)
(149,149)
(328,273)
(354,80)
(217,238)
(41,125)
(237,190)
(360,244)
(188,146)
(195,340)
(387,254)
(27,18)
(187,236)
(299,396)
(28,97)
(336,148)
(224,220)
(226,190)
(389,1)
(21,0)
(302,147)
(103,127)
(21,73)
(60,174)
(259,383)
(393,384)
(207,17)
(10,247)
(272,330)
(183,102)
(133,103)
(184,337)
(321,295)
(274,236)
(357,381)
(163,117)
(246,268)
(265,352)
(74,165)
(242,175)
(111,214)
(35,97)
(141,230)
(102,319)
(296,233)
(203,232)
(314,338)
(307,363)
(38,217)
(180,156)
(102,355)
(310,168)
(46,319)
(190,203)
(268,142)
(385,269)
(102,98)
(77,247)
(184,323)
(154,90)
(271,244)
(258,299)
(284,85)
(131,51)
(49,133)
(272,33)
(198,314)
(353,376)
(248,134)
(52,299)
(37,42)
(313,313)
(170,115)
(385,203)
(396,281)
(76,372)
(259,61)
(294,183)
(340,247)
(191,288)
(168,59)
(386,57)
(361,230)
(70,319)
(264,161)
(126,295)
(151,312)
(248,382)
(275,379)
(257,80)
(391,217)
(21,43)
(123,324)
(139,195)
(195,56)
(36,57)
(34,137)
(233,125)
(5,275)
(355,280)
(378,45)
(81,4)
(193,366)
(167,53)
(132,356)
(232,180)
(144,48)
(261,58)
(196,255)
(251,52)
(295,270)
(233,371)
(296,207)
(264,335)
(90,355)
(154,311)
(263,118)
(375,214)
(129,33)
(57,186)
(245,272)
(18,143)
(85,72)
(370,354)
(42,196)
(162,347)
(46,75)
(76,310)
(300,265)
(243,380)
(265,132)
(291,187)
(386,191)
(146,14)
(385,308)
(266,7)
(250,234)
(101,192)
(98,49)
(104,59)
(111,250)
(214,118)
(136,91)
(185,345)
(278,229)
(310,246)
(126,355)
(196,267)
(324,44)
(4,212)
(18,208)
(364,295)
(144,241)
(266,74)
(224,371)
(379,203)
(309,218)
(206,121)
(161,268)
(17,181)
(29,208)
(150,206)
(158,283)
(343,49)
(373,10)
(125,53)
(195,121)
(95,263)
(28,299)
(216,111)
(255,148)
(353,119)
(250,41)
(139,201)
(348,296)
(267,283)
(111,59)
(263,118)
(383,15)
(369,34)
(61,71)
(40,47)
(158,59)
(33,139)
(337,235)
(288,345)
(234,175)
(204,360)
(28,337)
(252,358)
(178,96)
(175,315)
(323,258)
(126,17)
(317,116)
(114,78)
(357,244)
(135,81)
(106,9)
(335,252)
(180,13)
(268,180)
(257,15)
(15,102)
(268,243)
(371,324)
(310,35)
(131,67)
(294,61)
(66,14)
(209,141)
(345,252)
(386,270)
(35,46)
(166,387)
(0,215)
(177,148)
(315,133)
(368,378)
(346,254)
(293,154)
(146,29)
(206,15)
(379,95)
(168,169)
(25,291)
(397,70)
(389,203)
(235,205)
(302,155)
(266,186)
(218,207)
(194,218)
(372,74)
(159,390)
(122,263)
(386,160)
(198,174)
(254,285)
(223,48)
(191,294)
(29,395)
(353,224)
(261,210)
(271,310)
(227,166)
(110,34)
(233,358)
(378,283)
(87,377)
(68,177)
(208,227)
(148,188)
(161,103)
(391,337)
(132,306)
(396,19)
(352,237)
(233,101)
(98,341)
(145,238)
(119,299)
(49,139)
(91,229)
(295,396)
(30,362)
(382,341)
(291,301)
(160,241)
(19,168)
(28,311)
(345,108)
(391,169)
(189,384)
(126,100)
(84,113)
(310,325)
(104,260)
(60,348)
(300,398)
(167,216)
(211,43)
(331,332)
(261,205)
(148,336)
(359,207)
(75,96)
(375,193)
(46,270)
(20,56)
(203,145)
(81,250)
(28,181)
(209,358)
(16,292)
(380,144)
(207,328)
(298,371)
(87,132)
(89,30)
(39,145)
(302,110)
(263,131)
(218,324)
(275,118)
(78,24)
(165,17)
(165,142)
(283,175)
(165,332)
(61,44)
(326,27)
(54,52)
(330,384)
(67,26)
(208,353)
(326,335)
(356,91)
(165,308)
(51,128)
(329,238)
(117,2)
(392,176)
(47,200)
(392,230)
(89,265)
(282,67)
(153,173)
(314,162)
(342,47)
(328,83)
(392,36)
(128,5)
(150,259)
(327,175)
(44,27)
(375,52)
(79,145)
(392,292)
(211,318)
(316,308)
(85,9)
(86,66)
(360,257)
(191,97)
(78,5)
(66,130)
(341,143)
(151,228)
(283,288)
(286,35)
(263,270)
(189,146)
(63,246)
(151,271)
(338,30)
(273,201)
(331,302)
(73,345)
(79,388)
(26,75)
(7,221)
(18,231)
(352,342)
(152,88)
(262,388)
(297,151)
(271,70)
(337,226)
(392,227)
(380,179)
(240,365)
(46,221)
(75,395)
(7,51)
(134,87)
(334,112)
(47,325)
(158,65)
(108,216)
(96,22)
(148,377)
(353,46)
(39,30)
(266,393)
(179,340)
(65,273)
(90,210)
(398,390)
(325,165)
(93,333)
(194,176)
(138,331)
(375,64)
(294,397)
(354,269)
(219,59)
(295,48)
(114,306)
(149,286)
(86,100)
(397,258)
(114,327)
(349,368)
(181,127)
(245,341)
(351,389)
(29,359)
(208,180)
(350,240)
(373,264)
(277,238)
(392,156)
(398,46)
(126,81)
(98,330)
(58,17)
(245,275)
(310,255)
(200,110)
(348,39)
(42,22)
(86,22)
(63,105)
(395,146)
(329,160)
(75,244)
(185,299)
(379,243)
(229,32)
(349,287)
(302,152)
(184,399)
(15,199)
(355,45)
(74,242)
(65,212)
(366,300)
(265,289)
(32,31)
(268,369)
(382,381)
(111,237)
(291,374)
(200,357)
(85,156)
(377,111)
(206,268)
(285,350)
(63,348)
(221,178)
(283,255)
(121,197)
(196,379)
(393,254)
(139,183)
(251,154)
(314,358)
(27,141)
(390,339)
(190,87)
(126,231)
(166,7)
(82,254)
(197,384)
(271,247)
(199,163)
(151,390)
(39,303)
(36,196)
(281,238)
(306,27)
(61,390)
(181,184)
(97,228)
(40,338)
(366,108)
(223,200)
(52,4)
(142,179)
(49,291)
(21,222)
(248,357)
(39,191)
(91,182)
(6,342)
(324,377)
(332,121)
(39,63)
(104,43)
(126,25)
(40,382)
(280,224)
(295,307)
(82,104)
(135,143)
(254,304)
(257,298)
(243,297)
(281,367)
(205,324)
(37,82)
(273,67)
(146,309)
(191,66)
(193,147)
(347,85)
(14,66)
(187,307)
(355,168)
(232,385)
(261,301)
(397,359)
(56,390)
(325,323)
(210,348)
(177,43)
(161,278)
(112,318)
(165,396)
(122,321)
(159,392)
(19,267)
(90,369)
(306,134)
(253,344)
(332,5)
(165,204)
(214,265)
(94,206)
(147,108)
(92,343)
(386,366)
(103,7)
(225,209)
(145,137)
(277,189)
(234,94)
(129,114)
(276,370)
(176,132)
(315,9)
(94,300)
(55,231)
(287,362)
(214,36)
(227,84)
(351,301)
(199,225)
(177,81)
(79,237)
(140,114)
(68,182)
(190,241)
(187,128)
(345,52)
(122,209)
(89,321)
(30,389)
(294,317)
(23,292)
(293,51)
(193,167)
(102,165)
(89,344)
(277,272)
(189,167)
(354,327)
(120,183)
(53,237)
(327,349)
(213,10)
(17,301)
(387,294)
(79,76)
(317,393)
(145,257)
(12,98)
(336,189)
(182,234)
(243,30)
(167,229)
(200,191)
(299,71)
(202,159)
(123,347)
(307,229)
(20,59)
(139,209)
(226,367)
(332,50)
(26,116)
(78,389)
(321,396)
(53,18)
(278,18)
(72,61)
(278,99)
(252,172)
(48,321)
(64,173)
(291,241)
(204,211)
(309,345)
(135,338)
(272,76)
(251,188)
(102,301)
(233,211)
(206,332)
(3,190)
(160,0)
(225,78)
(198,51)
(62,200)
(390,217)
(375,98)
(258,46)
(17,206)
(305,150)
(84,135)
(382,226)
(397,357)
(6,56)
(394,204)
(361,154)
(348,236)
(205,290)
(299,71)
(63,291)
(93,46)
(286,45)
(158,236)
(249,283)
(162,170)
(300,4)
(55,231)
(47,357)
(256,115)
(89,16)
(207,267)
(148,371)
(310,306)
(35,186)
(250,372)
(54,387)
(29,308)
(23,319)
(325,30)
(234,321)
(74,379)
(125,289)
(169,280)
(135,321)
(155,117)
(190,73)
(161,289)
(274,46)
(211,97)
(41,233)
(308,142)
(385,291)
(150,68)
(72,169)
(116,76)
(46,116)
(105,208)
(140,349)
(364,98)
(331,346)
(92,11)
(347,13)
(281,4)
(349,392)
(31,282)
(217,376)
(180,360)
(200,254)
(4,242)
(39,220)
(36,242)
(393,62)
(322,210)
(304,98)
(249,101)
(282,14)
(260,42)
(0,247)
(109,165)
(163,69)
(49,33)
(286,225)
(372,115)
(162,52)
(383,233)
(123,376)
(87,277)
(383,133)
(205,285)
(163,129)
(275,248)
(42,125)
(66,358)
(94,243)
(392,200)
(245,176)
(398,254)
(335,210)
(391,195)
(347,304)
(192,280)
(269,106)
(107,132)
(337,330)
(49,367)
(126,322)
(187,276)
(208,271)
(61,5)
(89,264)
(69,383)
(137,152)
(308,100)
(340,36)
(261,373)
(235,293)
(231,315)
(225,21)
(209,370)
(307,27)
(60,395)
(46,152)
(390,44)
(167,107)
(359,36)
(260,395)
(158,94)
(356,168)
(259,11)
(200,49)
(136,1)
(7,288)
(260,111)
(96,365)
(110,280)
(295,216)
(355,389)
(299,295)
(212,368)
(39,322)
(362,306)
(105,80)
(139,187)
(68,25)
(231,36)
(267,286)
(6,297)
(332,364)
(180,332)
(200,393)
(176,94)
(171,254)
(259,233)
(169,341)
(261,365)
(318,105)
(187,382)
(50,156)
(44,251)
(50,147)
(47,259)
(371,39)
(313,335)
(263,121)
(102,94)
(221,253)
(151,101)
(87,308)
(107,344)
(320,198)
(89,89)
(14,324)
(183,135)
(53,182)
(241,377)
(161,277)
(226,128)
(158,309)
(259,333)
(29,108)
(124,205)
(66,177)
(0,260)
(198,298)
(342,56)
(181,2)
(352,70)
(97,389)
(163,53)
(308,278)
(123,220)
(106,278)
(134,281)
(314,369)
(221,245)
(328,141)
(202,127)
(21,153)
(39,316)
(80,149)
(312,94)
(229,124)
(273,158)
(240,27)
(323,33)
(55,252)
(90,169)
(308,221)
(225,72)
(296,17)
(258,50)
(117,125)
(126,222)
(202,119)
(374,12)
(244,131)
(368,349)
(361,81)
(3,58)
(60,351)
(264,290)
(77,38)
(39,202)
(73,186)
(0,0)
(164,338)
(325,140)
(108,174)
(393,106)
(116,238)
(40,208)
(157,105)
(68,157)
(381,339)
(280,371)
(60,231)
(122,355)
(115,228)
(350,61)
(259,154)
(46,235)
(110,160)
(186,209)
(359,32)
(381,301)
(308,87)
(233,90)
(358,74)
(71,279)
(178,229)
(194,132)
(276,366)
(187,178)
(364,301)
(170,308)
(40,8)
(194,43)
(90,214)
(221,245)
(365,195)
(224,387)
(126,337)
(48,88)
(276,22)
(137,172)
(5,346)
(243,54)
(213,252)
(228,131)
(283,165)
(202,295)
(178,22)
(159,117)
(349,191)
(339,18)
(55,328)
(382,53)
(368,135)
(317,92)
(147,264)
(26,168)
(59,266)
(301,262)
(93,56)
(116,309)
(299,182)
(388,223)
(390,262)
(295,201)
(57,301)
(193,269)
(79,191)
(119,250)
(41,192)
(341,159)
(233,291)
(98,155)
(163,347)
(76,135)
(195,184)
(152,332)
(12,104)
(101,115)
(11,81)
(43,18)
(35,128)
(285,1)
(205,254)
(75,42)
(14,361)
(333,138)
(138,114)
(11,348)
(345,41)
(68,247)
(298,152)
(283,47)
(101,107)
(26,70)
(367,110)
(76,296)
(387,395)
(381,265)
(209,23)
(141,360)
(376,125)
(347,174)
(226,111)
(319,169)
(318,303)
(238,1)
(24,360)
(236,330)
(327,326)
(146,236)
(41,360)
(154,296)
(230,15)
(24,56)
(70,57)
(231,251)
(287,376)
(120,131)
(339,173)
(170,25)
(260,96)
(362,175)
(81,357)
(131,389)
(39,81)
(234,69)
(239,14)
(267,238)
(323,53)
(341,294)
(259,90)
(355,32)
(338,100)
(204,301)
(216,151)
(309,382)
(93,202)
(96,359)
(4,17)
(14,362)
(381,20)
(34,101)
(259,124)
(286,229)
(199,184)
(356,320)
(136,53)
(399,141)
(200,362)
(8,220)
(5,396)
(173,145)
(67,328)
(338,91)
(398,6)
(276,24)
(194,344)
(349,203)
(258,5)
(113,90)
(191,51)
(205,83)
(38,392)
(390,90)
(387,383)
(327,385)
(88,11)
(291,331)
(235,315)
(286,103)
(81,356)
(175,388)
(24,345)
(228,349)
(120,135)
(330,81)
(369,322)
(41,30)
(276,89)
(76,315)
(101,134)
(384,63)
(195,396)
(383,252)
(37,250)
(202,55)
(129,333)
(68,203)
(223,37)
(252,280)
(24,345)
(144,132)
(362,249)
(250,295)
(223,387)
(198,132)
(398,206)
(163,12)
(220,89)
(358,185)
(377,266)
(273,376)
(14,8)
(125,161)
(361,290)
(319,71)
(311,117)
(241,364)
(95,127)
(160,388)
(312,204)
(265,183)
(234,206)
(50,89)
(340,116)
(214,153)
(206,57)
(372,205)
(248,328)
(358,395)
(321,264)
(333,393)
(249,183)
(132,121)
(215,251)
(54,185)
(122,61)
(25,193)
(226,30)
(163,169)
(36,236)
(36,3)
(1,85)
(319,229)
(330,90)
(346,83)
(315,139)
(187,79)
(107,216)
(0,296)
(221,376)
(80,219)
(177,94)
(241,19)
(104,52)
(192,359)
(3,86)
(95,380)
(142,87)
(243,22)
(380,206)
(256,351)
(181,354)
(252,185)
(115,227)
(254,156)
(299,73)
(62,67)
(235,185)
(364,4)
(266,206)
(135,109)
(176,27)
(248,206)
(198,81)
(243,286)
(90,77)
(367,71)
(392,134)
(363,162)
(339,63)
(372,270)
(44,386)
(214,39)
(81,173)
(309,228)
(235,368)
(335,232)
(240,88)
(234,253)
(302,280)
(148,390)
(163,63)
(296,169)
(361,125)
(104,111)
(241,200)
(256,337)
(97,397)
(347,171)
(20,181)
(325,260)
(15,39)
(14,212)
(255,216)
(77,28)
(235,295)
(181,7)
(254,54)
(319,19)
(42,332)
(394,354)
(354,238)
(74,312)
(272,274)
(386,112)
(268,235)
(171,208)
(340,133)
(311,24)
(166,216)
(180,341)
(202,46)
(119,58)
(216,141)
(396,353)
(42,144)
(377,298)
(44,302)
(216,31)
(187,40)
(175,313)
(49,383)
(391,276)
(237,51)
(219,46)
(227,203)
(328,388)
(115,368)
(153,148)
(238,187)
(98,258)
(220,75)
(4,195)
(179,131)
(135,144)
(393,22)
(192,117)
(382,118)
(85,11)
(275,74)
(220,273)
(314,342)
(383,125)
(172,124)
(252,106)
(295,294)
(225,279)
(395,391)
(321,212)
(299,278)
(104,333)
(4,216)
(362,351)
(178,298)
(386,56)
(325,241)
(21,33)
(146,297)
(288,347)
(337,205)
(22,26)
(81,181)
(133,22)
(350,248)
(255,392)
(281,204)
(258,48)
(31,140)
(164,9)
(30,366)
(31,5)
(208,131)
(391,201)
(1,375)
(160,63)
(322,46)
(269,5)
(259,245)
(360,255)
(338,122)
(303,319)
(107,75)
(148,127)
(6,395)
(45,250)
(106,71)
(236,350)
(60,349)
(299,311)
(331,374)
(92,373)
(64,230)
(259,382)
(203,343)
(143,309)
(88,344)
(313,82)
(133,257)
(384,128)
(316,325)
(130,80)
(143,90)
(70,138)
(378,110)
(147,174)
(287,126)
(54,47)
(307,399)
(279,78)
(234,252)
(251,384)
(306,130)
(176,142)
(253,109)
(392,153)
(231,170)
(235,146)
(336,348)
(328,320)
(180,119)
(309,392)
(326,145)
(285,2)
(81,58)
(302,239)
(373,247)
(302,344)
(284,321)
(207,95)
(372,85)
(253,373)
(37,128)
(378,223)
(337,35)
(307,2)
(58,357)
(165,169)
(140,371)
(199,273)
(284,287)
(342,367)
(372,168)
(187,226)
(4,209)
(38,334)
(168,323)
(262,262)
(64,314)
(188,5)
(340,133)
(278,0)
(135,361)
(41,30)
(263,215)
(181,301)
(160,348)
(122,169)
(267,193)
(0,39)
(344,74)
(395,217)
(165,145)
(168,317)
(214,14)
(19,394)
(279,34)
(58,91)
(119,12)
(40,233)
(197,308)
(284,97)
(279,394)
(31,291)
(214,107)
(53,64)
(179,216)
(195,330)
(96,52)
(129,289)
(397,248)
(161,89)
(319,259)
(89,363)
(256,14)
(185,82)
(225,344)
(231,331)
(19,275)
(186,356)
(34,272)
(207,59)
(393,88)
(123,52)
(172,218)
(156,305)
(254,24)
(149,276)
(249,81)
(207,269)
(390,77)
(249,145)
(129,227)
(311,100)
(346,48)
(394,310)
(55,302)
(93,160)
(376,331)
(325,17)
(52,287)
(67,104)
(193,300)
(177,217)
(171,44)
(117,177)
(314,5)
(94,166)
(9,116)
(381,10)
(291,184)
(215,254)
(55,228)
(235,283)
(237,106)
(189,283)
(306,69)
(332,353)
(116,40)
(210,139)
(98,186)
(369,226)
(225,75)
(108,281)
(399,169)
(161,151)
(334,280)
(319,389)
(304,172)
(76,25)
(303,125)
(237,192)
(387,334)
(221,83)
(249,371)
(390,226)
(45,356)
(230,73)
(82,319)
(141,332)
(87,393)
(36,174)
(280,259)
(351,253)
(308,118)
(101,266)
(326,190)
(107,338)
(296,110)
(59,211)
(74,43)
(355,104)
(218,239)
(57,347)
(259,313)
(142,78)
(29,187)
(353,269)
(44,89)
(91,59)
(49,181)
(58,74)
(392,18)
(239,227)
(350,78)
(367,368)
(156,190)
(243,35)
(111,273)
(173,204)
(300,253)
(91,316)
(171,387)
(23,240)
(127,381)
(316,140)
(129,180)
(88,102)
(318,184)
(65,48)
(250,66)
(315,226)
(77,382)
(210,205)
(97,274)
(239,171)
(176,146)
(41,90)
(361,212)
(13,285)
(197,304)
(161,81)
(15,104)
(341,95)
(364,343)
(294,131)
(249,247)
(272,127)
(62,388)
(35,110)
(319,151)
(330,309)
(36,285)
(252,9)
(171,312)
(153,268)
(170,392)
(179,363)
(377,289)
(308,87)
(37,375)
(96,115)
(18,34)
(51,205)
(314,31)
(35,51)
(85,332)
(105,54)
(69,239)
(227,58)
(16,311)
(29,304)
(191,249)
(304,104)
(333,84)
(238,108)
(191,8)
(389,210)
(16,274)
(61,19)
(39,349)
(77,321)
(161,280)
(86,176)
(50,332)
(248,315)
(365,54)
(384,226)
(311,359)
(313,93)
(392,224)
(267,381)
(40,157)
(29,167)
(155,345)
(155,276)
(178,52)
(287,92)
(359,320)
(227,30)
(203,29)
(213,166)
(264,154)
(218,371)
(268,398)
(385,334)
(297,101)
(36,28)
(256,358)
(92,335)
(169,155)
(177,258)
(238,80)
(263,9)
(35,352)
(191,104)
(152,17)
(174,16)
(352,234)
(383,49)
(172,36)
(162,85)
(163,331)
(23,269)
(178,295)
(261,30)
(81,231)
(215,152)
(22,261)
(384,76)
(280,278)
(121,277)
(378,388)
(170,308)
(378,75)
(87,128)
(76,247)
(316,393)
(128,230)
(157,127)
(316,239)
(117,398)
(371,319)
(145,272)
(258,71)
(25,47)
(210,120)
(319,166)
(171,125)
(164,234)
(22,63)
(288,105)
(63,322)
(202,341)
(86,180)
(152,227)
(158,381)
(117,181)
(245,81)
(83,392)
(128,288)
(266,315)
(160,239)
(212,378)
(90,283)
(83,150)
(205,133)
(396,83)
(27,171)
(25,180)
(338,105)
(322,299)
(69,262)
(288,380)
(399,286)
(131,367)
(104,357)
(301,102)
(180,60)
(234,268)
(113,73)
(349,93)
(116,14)
(271,52)
(344,332)
(301,174)
(329,35)
(110,381)
(105,307)
(208,218)
(289,109)
(232,64)
(69,240)
(357,147)
(222,89)
(194,182)
(295,244)
(119,390)
(321,376)
(322,65)
(265,85)
(215,337)
(292,381)
(310,119)
(111,260)
(297,9)
(299,128)
(110,189)
(353,382)
(294,298)
(37,37)
(153,217)
(323,168)
(22,380)
(387,76)
(103,109)
(384,52)
(86,271)
(192,308)
(194,172)
(328,116)
(0,118)
(7,215)
(126,10)
(65,163)
(329,398)
(365,236)
(195,268)
(371,222)
(190,23)
(197,302)
(217,92)
(26,112)
(327,309)
(368,199)
(328,110)
(101,355)
(74,27)
(155,336)
(223,389)
(315,60)
(236,78)
(227,365)
(303,181)
(54,270)
(0,13)
(166,22)
(310,311)
(325,204)
(103,351)
(274,231)
(305,17)
(278,274)
(173,300)
(312,245)
(176,104)
(354,304)
(264,244)
(321,267)
(335,6)
(282,250)
(308,1)
(362,325)
(375,34)
(202,41)
(100,7)
(123,244)
(164,198)
(122,21)
(139,248)
(247,79)
(343,282)
(195,37)
(149,268)
(113,70)
(92,349)
(19,55)
(187,98)
(121,71)
(143,174)
(47,111)
(179,34)
(230,111)
(313,173)
(311,327)
(184,91)
(194,257)
(108,118)
(149,175)
(218,75)
(226,12)
(295,22)
(335,313)
(158,98)
(164,33)
(192,69)
(299,391)
(340,273)
(54,211)
(357,184)
(46,341)
(375,24)
(18,270)
(36,311)
(55,358)
(209,337)
(140,353)
(61,198)
(163,77)
(334,391)
(20,347)
(337,358)
(127,354)
(185,96)
(139,396)
(16,396)
(254,364)
(227,183)
(85,382)
(120,182)
(204,16)
(178,358)
(375,207)
(74,259)
(151,202)
(252,173)
(334,53)
(131,355)
(207,275)
(76,138)
(160,265)
(154,199)
(95,278)
(384,306)
(230,222)
(126,110)
(378,323)
(310,63)
(395,52)
(258,153)
(221,32)
(7,165)
(96,345)
(270,330)
(4,241)
(399,140)
(261,335)
(303,8)
(366,83)
(4,300)
(22,285)
(48,50)
(172,256)
(32,95)
(189,357)
(355,40)
(20,182)
(295,228)
(348,314)
(82,283)
(355,59)
(125,87)
(104,108)
(279,369)
(204,129)
(250,106)
(333,319)
(253,167)
(231,354)
(23,393)
(371,302)
(192,49)
(280,219)
(143,272)
(8,394)
(333,25)
(141,64)
(270,251)
(5,245)
(318,358)
(297,249)
(275,59)
(206,231)
(129,358)
(373,175)
(327,91)
(373,198)
(63,128)
(268,51)
(348,76)
(186,308)
(124,148)
(277,27)
(256,123)
(179,36)
(89,81)
(182,193)
(105,160)
(224,272)
(38,283)
(225,255)
(160,303)
(330,5)
(398,395)
(145,203)
(216,0)
(202,315)
(288,309)
(186,165)
(376,262)
(85,169)
(224,82)
(56,159)
(31,232)
(371,144)
(161,290)
(350,167)
(230,214)
(284,357)
(335,392)
(218,206)
(391,200)
(101,153)
(91,3)
(378,245)
(350,227)
(265,3)
(340,39)
(277,231)
(89,192)
(10,184)
(247,40)
(280,277)
(338,68)
(264,82)
(0,36)
(297,277)
(199,342)
(76,87)
(29,241)
(335,396)
(392,218)
(290,139)
(361,369)
(170,306)
(52,9)
(339,271)
(266,39)
(240,4)
(296,257)
(90,220)
(75,270)
(351,304)
(280,217)
(378,55)
(330,129)
(88,18)
(364,19)
(397,288)
(347,330)
(134,132)
(312,173)
(171,13)
(352,59)
(185,178)
(138,116)
(57,145)
(275,216)
(59,126)
(127,54)
(141,111)
(349,339)
(297,385)
(247,34)
(40,43)
(11,221)
(246,237)
(69,259)
(188,246)
(56,70)
(127,297)
(26,3)
(134,188)
(320,26)
(71,321)
(118,139)
(295,173)
(69,294)
(32,159)
(292,27)
(124,150)
(350,87)
(165,168)
(17,389)
(122,232)
(93,64)
(164,287)
(271,297)
(51,355)
(211,238)
(157,286)
(58,121)
(185,268)
(99,237)
(253,194)
(91,362)
(153,281)
(162,118)
(338,19)
(329,397)
(12,149)
(190,383)
(213,359)
(232,83)
(295,347)
(203,19)
(267,21)
(212,37)
(288,77)
(173,215)
(189,47)
(130,143)
(271,98)
(275,352)
(105,66)
(345,297)
(377,94)
(239,145)
(236,168)
(139,342)
(2,83)
(76,329)
(83,12)
(39,217)
(232,184)
(151,351)
(221,185)
(255,251)
(205,31)
(268,77)
(303,101)
(355,41)
(83,372)
(340,173)
(173,68)
(196,42)
(151,321)
(113,361)
(274,14)
(235,104)
(112,216)
(313,23)
(57,292)
(235,87)
(306,146)
(96,134)
(375,64)
(292,191)
(309,295)
(156,20)
(375,77)
(198,327)
(52,176)
(172,103)
(256,336)
(62,368)
(309,294)
(162,340)
(216,80)
(16,10)
(293,314)
(212,118)
(370,376)
(110,278)
(215,279)
(354,296)
(126,128)
(37,3)
(343,344)
(60,182)
(38,20)
(392,316)
(205,175)
(122,322)
(10,195)
(91,273)
(96,83)
(195,79)
(249,373)
(278,66)
(313,35)
(163,296)
(279,31)
(319,334)
(81,19)
(6,221)
(187,330)
(34,214)
(205,101)
(135,371)
(17,26)
(356,69)
(398,250)
(269,324)
(96,42)
(359,123)
(329,70)
(215,128)
(387,331)
(271,325)
(336,316)
(37,91)
(276,331)
(180,94)
(250,142)
(364,254)
(268,13)
(271,266)
(76,130)
(131,123)
(13,247)
(104,78)
(372,78)
(300,136)
(328,66)
(154,115)
(279,194)
(248,57)
(241,172)
(134,273)
(37,42)
(384,377)
(124,56)
(325,247)
(147,126)
(270,106)
(134,268)
(232,188)
(207,242)
(8,32)
(40,224)
(173,67)
(180,70)
(381,238)
(238,72)
(351,368)
(136,367)
(91,362)
(255,22)
(396,50)
(207,4)
(196,366)
(326,235)
(119,205)
(215,221)
(286,117)
(147,103)
(293,354)
(100,347)
(294,155)
(196,203)
(377,5)
(8,148)
(292,125)
(323,352)
(209,207)
(176,58)
(360,262)
(394,55)
(385,337)
(65,254)
(279,215)
(292,166)
(142,253)
(279,30)
(137,381)
(273,269)
(77,40)
(122,227)
(210,251)
(361,374)
(302,84)
(140,383)
(181,322)
(387,51)
(378,314)
(281,350)
(284,293)
(368,206)
(231,330)
(32,248)
(228,298)
(211,395)
(178,269)
(173,306)
(278,73)
(251,306)
(284,323)
(293,248)
(166,243)
(203,95)
(164,153)
(308,387)
(398,394)
(243,395)
(60,333)
(343,276)
(221,343)
(390,105)
(106,45)
(200,88)
(241,250)
(106,168)
(399,174)
(179,365)
(138,192)
(94,37)
(208,221)
(282,306)
(64,261)
(395,49)
(330,378)
(154,54)
(386,365)
(185,209)
(315,190)
(201,126)
(155,238)
(352,386)
(385,142)
(37,56)
(357,212)
(70,240)
(367,200)
(95,8)
(123,261)
(241,85)
(57,243)
(360,8)
(180,75)
(18,385)
(331,213)
(255,366)
(284,275)
(304,104)
(36,324)
(242,131)
(343,121)
(208,217)
(171,152)
(166,147)
(163,18)
(165,377)
(181,352)
(301,172)
(119,398)
(319,61)
(86,20)
(335,397)
(299,253)
(49,393)
(265,46)
(46,253)
(203,312)
(250,159)
(9,84)
(303,231)
(363,337)
(50,16)
(75,71)
(354,206)
(156,124)
(172,199)
(152,134)
(231,192)
(178,295)
(23,353)
(263,8)
(25,10)
(55,261)
(115,171)
(21,10)
(278,11)
(250,29)
(309,67)
(163,90)
(227,320)
(152,261)
(80,381)
(79,2)
(359,156)
(5,234)
(296,130)
(360,115)
(216,89)
(346,322)
(100,4)
(278,117)
(87,182)
(338,43)
(211,29)
(224,119)
(148,292)
(51,87)
(14,386)
(33,18)
(290,72)
(266,389)
(347,14)
(191,227)
(365,340)
(283,35)
(388,89)
(273,231)
(323,376)
(286,87)
(317,391)
(211,273)
(165,191)
(151,103)
(366,280)
(130,30)
(156,145)
(252,40)
(148,59)
(151,189)
(264,354)
(353,124)
(250,269)
(104,179)
(243,58)
(342,160)
(204,93)
(354,164)
(329,395)
(283,282)
(213,193)
(272,359)
(177,150)
(154,10)
(141,179)
(159,376)
(199,129)
(147,199)
(152,236)
(162,253)
(331,325)
(91,174)
(299,82)
(177,89)
(193,115)
(281,24)
(63,207)
(85,112)
(273,276)
(66,136)
(121,367)
(123,329)
(290,42)
(285,162)
(359,57)
(118,179)
(172,194)
(108,88)
(209,168)
(8,321)
(4,13)
(157,206)
(314,338)
(155,397)
(183,72)
(279,51)
(213,195)
(93,300)
(332,120)
(39,103)
(42,15)
(8,175)
(15,207)
(101,126)
(349,390)
(190,96)
(393,123)
(373,133)
(210,217)
(165,36)
(82,295)
(84,56)
(354,27)
(131,83)
(141,211)
(258,308)
(81,138)
(218,121)
(41,121)
(367,313)
(73,64)
(392,305)
(170,273)
(219,195)
(93,77)
(329,180)
(103,49)
(267,103)
(274,326)
(268,363)
(394,253)
(388,157)
(370,231)
(374,20)
(135,303)
(133,95)
(304,150)
(220,283)
(216,205)
(283,213)
(163,231)
(129,227)
(346,41)
(111,66)
(372,261)
(165,146)
(373,246)
(3,324)
(26,14)
(325,163)
(147,30)
(13,69)
(266,105)
(332,296)
(274,196)
(226,294)
(126,260)
(354,229)
(204,316)
(95,121)
(303,17)
(75,307)
(207,324)
(20,288)
(86,151)
(33,196)
(265,282)
(148,209)
(312,43)
(42,134)
(243,179)
(256,182)
(156,295)
(32,213)
(176,112)
(290,23)
(50,1)
(305,23)
(13,123)
(32,323)
(322,183)
(354,281)
(278,238)
(65,196)
(52,193)
(240,198)
(372,160)
(303,311)
(346,399)
(271,395)
(185,197)
(59,82)
(310,154)
(377,116)
(343,254)
(122,8)
(138,166)
(328,363)
(147,270)
(214,240)
(189,58)
(397,291)
(349,347)
(89,157)
(264,50)
(192,289)
(397,124)
(257,242)
(172,155)
(290,91)
(321,272)
(398,29)
(380,398)
(168,332)
(274,244)
(29,9)
(43,70)
(77,105)
(96,160)
(107,288)
(209,126)
(167,328)
(138,368)
(329,55)
(97,131)
(279,76)
(291,346)
(205,75)
(39,56)
(338,290)
(263,309)
(66,59)
(385,153)
(152,213)
(263,162)
(291,116)
(164,188)
(352,374)
(112,177)
(310,359)
(197,265)
(278,63)
(154,234)
(259,46)
(255,329)
(347,115)
(195,197)
(260,156)
(366,378)
(111,359)
(16,72)
(392,154)
(55,261)
(129,336)
(315,317)
(119,255)
(218,105)
(283,42)
(216,350)
(64,152)
(25,51)
(33,323)
(390,218)
(270,106)
(146,121)
(269,244)
(133,89)
(49,361)
(101,318)
(39,79)
(59,315)
(166,186)
(19,372)
(8,249)
(127,133)
(239,316)
(6,232)
(148,236)
(77,355)
(327,282)
(25,124)
(83,19)
(198,314)
(168,198)
(73,267)
(217,246)
(85,209)
(44,311)
(148,67)
(255,296)
(325,123)
(143,75)
(20,295)
(246,243)
(164,261)
(186,248)
(74,251)
(161,71)
(289,268)
(389,378)
(246,28)
(131,366)
(380,390)
(129,183)
(131,80)
(365,19)
(378,129)
(394,183)
(262,4)
(267,167)
(101,152)
(173,290)
(263,144)
(371,116)
(374,113)
(266,321)
(58,120)
(17,272)
(100,349)
(83,126)
(41,98)
(188,12)
(226,298)
(297,311)
(200,305)
(228,128)
(48,205)
(331,241)
(294,387)
(58,386)
(202,375)
(137,103)
(62,345)
(16,13)
(380,323)
(247,314)
(187,15)
(139,267)
(326,287)
(168,53)
(385,250)
(3,311)
(348,53)
(76,7)
(326,160)
(349,121)
(97,162)
(99,108)
(381,167)
(210,270)
(57,241)
(346,343)
(91,237)
(162,116)
(291,136)
(155,23)
(353,37)
(14,23)
(287,383)
(339,196)
(211,198)
(168,154)
(249,286)
(283,382)
(64,0)
(357,73)
(287,368)
(280,112)
(366,91)
(389,270)
(38,36)
(363,260)
(230,142)
(17,64)
(168,225)
(218,43)
(21,249)
(349,6)
(108,84)
(26,84)
(143,189)
(131,209)
(61,53)
(230,1)
(299,336)
(306,154)
(223,200)
(279,330)
(39,149)
(386,391)
(274,357)
(125,239)
(279,233)
(242,270)
(275,338)
(344,235)
(385,92)
(254,341)
(221,174)
(55,343)
(331,168)
(8,153)
(389,34)
(296,327)
(306,86)
(300,279)
(339,393)
(239,255)
(286,299)
(29,305)
(98,297)
(111,177)
(147,65)
(134,224)
(384,80)
(388,205)
(233,331)
(365,348)
(10,208)
(132,375)
(360,258)
(32,187)
(313,383)
(248,173)
(156,187)
(333,23)
(158,396)
(326,118)
(134,346)
(4,215)
(351,245)
(238,264)
(194,321)
(82,154)
(27,26)
(162,229)
(344,380)
(131,124)
(32,107)
(6,209)
(143,279)
(330,179)
(68,275)
(92,186)
(251,35)
(353,288)
(32,205)
(287,183)
(391,99)
(58,62)
(96,100)
(36,179)
(116,10)
(313,111)
(182,70)
(274,343)
(73,364)
(360,361)
(365,107)
(285,383)
(361,179)
(266,354)
(260,209)
(289,90)
(278,295)
(252,279)
(331,314)
(203,53)
(256,281)
(42,349)
(171,200)
(373,44)
(71,93)
(240,277)
(97,9)
(135,236)
(338,158)
(262,268)
(107,162)
(171,151)
(362,121)
(241,264)
(340,302)
(336,313)
(369,137)
(22,278)
(92,242)
(334,97)
(194,338)
(71,349)
(121,371)
(292,147)
(221,162)
(25,348)
(306,274)
(28,253)
(81,174)
(282,371)
(377,12)
(259,64)
(295,264)
(178,146)
(395,254)
(344,132)
(160,250)
(357,398)
(96,272)
(6,47)
(74,180)
(244,389)
(365,199)
(225,174)
(190,147)
(72,388)
(177,384)
(165,352)
(208,322)
(148,274)
(52,4)
(295,248)
(378,17)
(206,35)
(370,0)
(394,147)
(334,280)
(150,376)
(186,291)
(395,268)
(36,238)
(14,173)
(302,114)
(142,367)
(24,283)
(264,15)
(25,63)
(234,342)
(278,122)
(52,354)
(379,78)
(223,191)
(272,194)
(348,98)
(184,140)
(138,232)
(139,257)
(172,398)
(382,127)
(200,144)
(108,260)
(240,25)
(34,203)
(113,336)
(341,304)
(58,113)
(335,379)
(176,7)
(147,199)
(159,67)
(299,22)
(217,392)
(74,33)
(136,184)
(260,151)
(391,166)
(74,40)
(361,221)
(223,292)
(34,102)
(230,209)
(231,33)
(220,150)
(29,159)
(256,102)
(253,126)
(322,47)
(262,276)
(50,323)
(185,47)
(33,182)
(233,266)
(94,322)
(366,253)
(129,89)
(203,293)
(219,159)
(235,381)
(81,131)
(325,300)
(98,324)
(184,168)
(306,198)
(165,90)
(188,223)
(144,129)
(194,59)
(237,230)
(304,42)
(35,60)
(152,342)
(172,64)
(325,0)
(97,263)
(19,377)
(148,22)
(21,279)
(31,148)
(285,83)
(379,298)
(306,271)
(348,145)
(274,333)
(327,95)
(306,216)
(277,143)
(316,380)
(196,104)
(334,65)
(225,209)
(282,178)
(193,208)
(180,64)
(129,200)
(94,379)
(320,95)
(194,61)
(302,216)
(388,39)
(367,156)
(372,265)
(314,322)
(344,212)
(275,162)
(336,234)
(313,70)
(260,80)
(346,90)
(395,234)
(109,49)
(84,377)
(61,388)
(397,347)
(243,215)
(74,164)
(381,263)
(356,52)
(171,205)
(221,322)
(106,270)
(151,287)
(358,198)
(377,5)
(155,389)
(101,94)
(33,127)
(339,25)
(135,70)
(294,51)
(4,1)
(38,20)
(82,27)
(290,15)
(56,151)
(61,363)
(333,77)
(62,367)
(165,344)
(80,272)
(202,180)
(5,74)
(32,385)
(398,80)
(231,398)
(279,174)
(369,161)
(394,114)
(91,321)
(295,201)
(253,335)
(79,353)
(291,268)
(43,336)
(165,242)
(336,319)
(378,235)
(245,217)
(38,13)
(268,349)
(396,273)
(40,204)
(141,50)
(210,319)
(65,81)
(187,195)
(306,310)
(255,376)
(260,99)
(291,31)
(321,302)
(224,323)
(260,78)
(238,364)
(25,46)
(342,35)
(330,8)
(138,221)
(99,328)
(347,145)
(116,7)
(375,360)
(302,277)
(101,367)
(212,218)
(254,29)
(345,395)
(25,118)
(379,336)
(240,29)
(343,87)
(220,186)
(388,17)
(92,307)
(261,3)
(4,308)
(340,367)
(76,363)
(262,42)
(131,19)
(258,393)
(163,97)
(1,348)
(16,221)
(399,395)
(201,392)
(155,316)
(22,236)
(276,382)
(152,58)
(44,365)
(160,4)
(37,99)
(10,215)
(26,88)
(229,372)
(0,141)
(261,156)
(325,128)
(162,147)
(189,145)
(316,377)
(374,7)
(211,253)
(252,136)
(387,184)
(128,232)
(316,274)
(236,12)
(13,196)
(38,333)
(113,310)
(378,254)
(133,137)
(131,137)
(311,34)
(194,238)
(86,33)
(297,140)
(304,88)
(25,235)
(255,225)
(15,86)
(139,282)
(320,87)
(338,99)
(232,199)
(306,357)
(19,25)
(136,340)
(224,396)
(85,362)
(315,36)
(268,24)
(343,119)
(96,213)
(153,242)
(295,356)
(90,311)
(2,80)
(348,81)
(261,153)
(222,373)
(2,173)
(85,176)
(131,290)
(111,237)
(69,174)
(76,66)
(133,6)
(90,183)
(173,274)
(340,295)
(297,93)
(187,336)
(29,281)
(280,229)
(387,62)
(384,276)
(234,151)
(23,285)
(310,98)
(14,95)
(311,196)
(103,170)
(19,313)
(10,322)
(130,133)
(238,393)
(388,306)
(241,270)
(37,230)
(100,42)
(251,137)
(245,23)
(342,310)
(215,312)
(127,319)
(177,192)
(109,59)
(95,157)
(390,140)
(105,92)
(94,215)
(346,165)
(208,123)
(260,248)
(378,274)
(42,16)
(31,127)
(167,88)
(139,90)
(325,227)
(132,308)
(282,132)
(303,19)
(100,157)
(186,227)
(246,129)
(332,353)
(204,353)
(195,340)
(378,264)
(82,131)
(110,226)
(346,157)
(337,271)
(180,254)
(146,137)
(294,279)
(160,185)
(73,375)
(286,269)
(80,39)
(206,162)
(179,334)
(297,384)
(161,132)
(222,113)
(298,167)
(106,235)
(162,155)
(249,361)
(130,75)
(154,111)
(37,265)
(197,281)
(226,197)
(17,316)
(235,252)
(198,331)
(246,145)
(52,53)
(373,253)
(370,232)
(241,356)
(149,291)
(1,191)
(294,101)
(30,239)
(152,109)
(367,374)
(252,297)
(193,139)
(227,99)
(156,138)
(312,197)
(346,317)
(338,93)
(333,354)
(312,236)
(30,162)
(105,231)
(43,107)
(245,49)
(66,235)
(22,11)
(103,350)
(265,48)
(317,163)
(293,142)
(249,242)
(48,259)
(305,374)
(60,57)
(60,385)
(116,360)
(31,103)
(305,82)
(331,50)
(240,149)
(35,257)
(171,136)
(208,26)
(168,175)
(248,161)
(206,151)
(272,372)
(359,370)
(84,175)
(66,294)
(269,105)
(182,200)
(303,223)
(372,367)
(277,308)
(276,390)
(115,394)
(83,279)
(217,288)
(298,336)
(239,272)
(52,363)
(292,78)
(178,246)
(393,164)
(337,23)
(248,290)
(310,347)
(137,263)
(145,99)
(266,38)
(188,372)
(129,326)
(165,32)
(370,130)
(307,292)
(131,106)
(378,197)
(140,35)
(263,88)
(212,110)
(93,313)
(243,41)
(59,131)
(100,332)
(300,91)
(165,107)
(137,172)
(118,326)
(98,10)
(238,213)
(174,301)
(52,65)
(272,207)
(165,330)
(329,90)
(7,358)
(388,362)
(335,194)
(4,260)
(179,78)
(278,353)
(321,16)
(1,106)
(201,348)
(84,383)
(256,124)
(115,6)
(7,359)
(333,136)
(92,42)
(285,56)
(246,373)
(11,267)
(222,25)
(307,358)
(19,357)
(306,396)
(272,141)
(55,195)
(151,26)
(196,299)
(154,130)
(199,221)
(370,134)
(145,264)
(374,125)
(369,315)
(20,183)
(280,307)
(297,60)
(168,206)
(72,206)
(319,33)
(351,63)
(160,129)
(256,371)
(227,212)
(284,244)
(50,28)
(78,285)
(255,61)
(48,394)
(188,334)
(158,329)
(349,318)
(28,185)
(193,278)
(35,311)
(191,282)
(189,199)
(251,133)
(290,365)
(37,309)
(252,176)
(270,357)
(125,382)
(239,144)
(291,204)
(250,236)
(44,309)
(199,371)
(42,251)
(53,385)
(192,181)
(49,367)
(121,340)
(120,327)
(178,57)
(5,237)
(48,194)
(341,82)
(348,91)
(84,320)
(74,38)
(5,7)
(139,320)
(142,346)
(300,383)
(246,13)
(62,216)
(305,19)
(292,281)
(106,197)
(368,158)
(375,129)
(75,83)
(240,211)
(330,290)
(59,146)
(316,387)
(376,20)
(192,313)
(16,11)
(380,189)
(356,361)
(334,280)
(177,283)
(262,153)
(277,152)
(293,139)
(305,133)
(81,203)
(150,169)
(381,292)
(284,376)
(143,333)
(398,41)
(363,327)
(88,0)
(257,69)
(219,81)
(118,367)
(310,11)
(310,62)
(122,396)
(142,23)
(218,39)
(188,244)
(274,194)
(240,370)
(13,115)
(39,234)
(358,349)
(38,143)
(50,89)
(380,221)
(379,319)
(278,180)
(305,74)
(39,215)
(331,286)
(329,285)
(250,202)
(20,89)
(340,225)
(264,371)
(198,72)
(303,107)
(224,148)
(348,229)
(116,372)
(259,151)
(255,251)
(85,392)
(340,56)
(283,357)
(284,201)
(256,244)
(396,174)
(337,370)
(19,87)
(318,39)
(172,310)
(4,110)
(185,81)
(386,380)
(225,137)
(336,280)
(395,327)
(350,24)
(91,260)
(309,106)
(42,304)
(384,162)
(363,227)
(363,324)
(232,189)
(373,239)
(16,96)
(35,325)
(91,49)
(321,72)
(140,49)
(372,53)
(46,8)
(273,314)
(163,210)
(325,180)
(24,208)
(399,236)
(317,182)
(15,156)
(162,303)
(393,273)
(235,260)
(270,244)
(181,317)
(224,99)
(42,19)
(325,148)
(8,5)
(383,284)
(8,50)
(85,138)
(1,339)
(281,97)
(130,337)
(236,293)
(369,63)
(333,104)
(334,38)
(18,349)
(328,336)
(177,326)
(33,384)
(130,380)
(399,218)
(382,17)
(349,50)
(391,207)
(179,200)
(272,5)
(333,90)
(222,343)
(394,347)
(225,274)
(287,31)
(176,196)
(168,56)
(95,331)
(133,389)
(377,117)
(116,178)
(285,21)
(107,204)
(301,18)
(387,338)
(139,141)
(361,272)
(355,156)
(79,374)
(379,327)
(118,54)
(289,199)
(143,136)
(42,152)
(379,354)
(296,380)
(395,386)
(65,305)
(224,335)
(33,240)
(160,7)
(148,10)
(103,367)
(30,179)
(171,84)
(68,130)
(368,289)
(100,314)
(231,265)
(252,330)
(226,361)
(230,56)
(73,149)
(194,348)
(385,295)
(370,310)
(131,132)
(128,329)
(353,244)
(387,316)
(238,237)
(323,90)
(270,134)
(8,20)
(387,370)
(40,59)
(42,223)
(224,204)
(152,323)
(288,368)
(242,269)
(166,270)
(310,373)
(237,229)
(154,382)
(341,84)
(279,197)
(29,279)
(27,358)
(23,2)
(278,336)
(26,229)
(310,366)
(296,66)
(55,151)
(246,294)
(340,374)
(351,296)
(79,292)
(234,145)
(253,198)
(313,76)
(33,220)
(113,52)
(382,155)
(20,338)
(317,218)
(49,172)
(125,5)
(25,372)
(391,204)
(296,39)
(340,365)
(33,336)
(269,214)
(44,18)
(244,72)
(56,311)
(394,250)
(237,171)
(294,288)
(94,379)
(3,153)
(386,108)
(195,217)
(225,350)
(216,218)
(335,266)
(139,231)
(308,240)
(154,195)
(25,383)
(221,277)
(190,302)
(121,2)
(395,220)
(308,351)
(216,331)
(356,380)
(269,91)
(335,325)
(327,34)
(395,235)
(174,63)
(302,105)
(161,393)
(134,284)
(137,374)
(125,2)
(231,7)
(247,354)
(199,131)
(34,114)
(388,141)
(51,151)
(101,254)
(274,370)
(262,271)
(258,243)
(277,311)
(177,257)
(74,49)
(119,88)
(8,210)
(391,83)
(317,91)
(194,38)
(278,202)
(118,175)
(97,81)
(59,343)
(179,354)
(144,87)
(36,31)
(371,312)
(208,355)
(125,3)
(129,167)
(22,37)
(304,199)
(302,227)
(243,280)
(383,25)
(165,20)
(316,318)
(271,228)
(377,179)
(305,222)
(288,386)
(215,215)
(188,41)
(371,377)
(241,306)
(214,339)
(339,347)
(194,228)
(34,339)
(190,224)
(144,21)
(295,278)
(68,357)
(135,47)
(71,36)
(307,303)
(352,127)
(102,361)
(217,86)
(252,264)
(379,72)
(328,226)
(36,86)
(120,163)
(4,353)
(354,54)
(129,249)
(92,299)
(372,294)
(164,80)
(209,365)
(256,303)
(87,197)
(18,256)
(281,212)
(363,180)
(274,159)
(186,292)
(141,339)
(263,339)
(321,153)
(275,239)
(21,145)
(166,56)
(157,169)
(339,121)
(96,300)
(385,339)
(248,86)
(80,39)
(279,223)
(285,36)
(168,278)
(125,236)
(224,270)
(309,162)
(335,5)
(269,342)
(349,344)
(204,292)
(359,10)
(102,306)
(13,376)
(302,180)
(391,165)
(287,15)
(246,206)
(8,262)
(334,388)
(106,325)
(184,89)
(121,2)
(285,281)
(159,284)
(397,368)
(161,341)
(93,288)
(12,291)
(52,143)
(315,194)
(375,64)
(291,159)
(116,69)
(176,275)
(296,209)
(23,26)
(140,115)
(103,387)
(247,85)
(102,98)
(215,22)
(356,47)
(125,69)
(298,141)
(253,281)
(41,394)
(357,346)
(88,126)
(384,380)
(29,254)
(159,15)
(106,345)
(12,340)
(68,102)
(385,385)
(322,188)
(330,74)
(60,189)
(52,61)
(318,107)
(39,11)
(332,384)
(93,288)
(387,158)
(65,110)
(246,207)
(26,339)
(227,252)
(11,95)
(207,382)
(97,34)
(137,87)
(361,252)
(195,197)
(368,172)
(108,112)
(156,214)
(85,205)
(336,152)
(298,95)
(356,66)
(287,342)
(329,175)
(103,19)
(23,213)
(156,9)
(65,302)
(294,116)
(125,132)
(120,377)
(244,360)
(43,138)
(301,242)
(366,80)
(337,370)
(311,79)
(399,36)
(234,341)
(246,81)
(3,255)
(297,96)
(163,107)
(7,298)
(192,342)
(52,124)
(126,228)
(199,383)
(189,301)
(70,36)
(222,258)
(240,14)
(170,166)
(339,28)
(337,327)
(230,180)
(354,232)
(230,75)
(355,240)
(121,101)
(20,37)
(96,166)
(32,64)
(74,52)
(158,242)
(385,335)
(203,164)
(383,175)
(61,31)
(91,6)
(254,335)
(229,261)
(244,328)
(54,278)
(108,202)
(236,386)
(180,32)
(344,108)
(271,336)
(307,386)
(264,203)
(234,198)
(377,40)
(300,243)
(289,380)
(194,131)
(394,285)
(12,382)
(26,150)
(223,395)
(313,322)
(260,150)
(21,382)
(131,210)
(288,250)
(105,58)
(379,220)
(306,210)
(49,295)
(212,278)
(255,54)
(379,304)
(159,53)
(394,373)
(28,377)
(97,339)
(143,249)
(330,139)
(270,119)
(46,120)
(230,91)
(119,353)
(86,194)
(331,204)
(377,147)
(234,294)
(341,41)
(225,199)
(291,36)
(156,235)
(153,284)
(330,212)
(321,257)
(263,376)
(358,312)
(51,375)
(341,41)
(19,216)
(134,85)
(111,270)
(292,371)
(67,31)
(287,380)
(325,208)
(108,231)
(274,244)
(386,183)
(159,373)
(88,233)
(297,186)
(254,25)
(84,382)
(51,301)
(164,205)
(396,188)
(259,272)
(113,145)
(4,31)
(72,375)
(343,77)
(49,199)
(236,354)
(200,351)
(383,397)
(272,380)
(350,325)
(393,375)
(377,111)
(370,112)
(180,144)
(322,322)
(236,263)
(65,391)
(22,20)
(95,97)
(379,48)
(321,340)
(73,96)
(59,65)
(58,140)
(52,7)
(160,7)
(106,292)
(262,284)
(383,74)
(32,73)
(292,306)
(88,197)
(100,30)
(184,182)
(253,396)
(28,97)
(33,61)
(78,183)
(226,336)
(78,109)
(227,27)
(340,30)
(152,373)
(287,267)
(239,169)
(399,101)
(275,150)
(277,146)
(210,317)
(339,135)
(323,208)
(342,72)
(48,47)
(232,209)
(65,341)
(60,321)
(187,353)
(323,3)
(146,44)
(25,52)
(246,280)
(344,359)
(183,333)
(25,214)
(44,96)
(318,10)
(40,364)
(292,337)
(317,235)
(126,54)
(248,358)
(137,67)
(176,192)
(13,71)
(88,19)
(384,356)
(63,11)
(293,251)
(324,186)
(144,149)
(234,337)
(234,26)
(80,299)
(129,106)
(128,278)
(189,184)
(259,395)
(37,183)
(60,43)
(334,348)
(0,53)
(21,3)
(390,212)
(306,206)
(360,381)
(376,260)
(201,392)
(83,170)
(338,55)
(43,287)
(45,124)
(205,52)
(1,128)
(273,207)
(199,192)
(276,36)
(44,6)
(253,217)
(366,193)
(50,327)
(360,307)
(28,32)
(80,329)
(239,369)
(307,396)
(129,18)
(353,280)
(343,204)
(296,132)
(230,46)
(9,106)
(48,259)
(366,198)
(66,211)
(257,251)
(76,350)
(354,356)
(309,39)
(337,188)
(55,373)
(362,214)
(43,108)
(397,185)
(279,74)
(299,14)
(350,143)
(232,332)
(322,185)
(214,266)
(30,77)
(250,287)
(389,89)
(393,310)
(365,355)
(285,120)
(162,126)
(335,33)
(368,178)
(29,283)
(18,296)
(194,248)
(18,137)
(106,87)
(387,55)
(376,127)
(304,172)
(145,128)
(327,392)
(298,216)
(216,278)
(300,236)
(67,249)
(201,24)
(74,297)
(348,190)
(19,295)
(4,105)
(348,34)
(227,161)
(394,312)
(105,232)
(357,214)
(351,347)
(127,190)
(320,178)
(192,134)
(142,152)
(253,211)
(52,109)
(77,325)
(142,166)
(220,397)
(95,89)
(272,261)
(322,308)
(105,23)
(154,324)
(369,63)
(172,385)
(207,54)
(291,235)
(73,398)
(172,234)
(375,210)
(182,168)
(101,148)
(31,288)
(360,27)
(182,68)
(323,244)
(314,342)
(146,209)
(303,301)
(351,218)
(206,371)
(135,239)
(84,343)
(318,106)
(266,144)
(364,348)
(62,353)
(44,24)
(314,115)
(6,13)
(30,312)
(123,258)
(289,135)
(149,74)
(187,367)
(150,3)
(33,241)
(104,44)
(162,64)
(209,170)
(36,285)
(19,310)
(227,288)
(233,215)
(103,67)
(271,186)
(267,218)
(369,204)
(166,110)
(208,127)
(231,97)
(363,256)
(12,161)
(107,60)
(239,344)
(80,392)
(350,150)
(312,338)
(249,387)
(187,333)
(173,87)
(43,284)
(80,350)
(122,67)
(261,238)
(23,213)
(277,392)
(151,120)
(370,248)
(7,121)
(29,198)
(61,179)
(142,364)
(384,311)
(22,52)
(283,375)
(300,20)
(308,151)
(227,172)
(186,78)
(358,334)
(148,38)
(315,335)
(343,333)
(393,388)
(117,158)
(108,294)
(107,159)
(136,30)
(243,119)
(340,390)
(311,265)
(309,75)
(171,42)
(137,277)
(204,188)
(76,53)
(147,196)
(112,155)
(255,213)
(127,160)
(268,351)
(64,233)
(141,291)
(261,177)
(366,142)
(377,213)
(138,290)
(10,203)
(184,226)
(321,321)
(236,20)
(134,183)
(32,98)
(145,281)
(197,354)
(159,55)
(187,179)
(352,338)
(285,83)
(370,103)
(194,228)
(66,155)
(70,46)
(43,366)
(166,281)
(71,262)
(50,146)
(122,45)
(224,396)
(226,98)
(87,210)
(318,394)
(366,375)
(253,332)
(399,107)
(256,225)
(332,365)
(184,72)
(113,270)
(24,103)
(329,105)
(67,84)
(107,241)
(366,186)
(390,311)
(237,13)
(158,188)
(67,356)
(243,175)
(327,123)
(116,11)
(170,218)
(52,264)
(125,157)
(133,384)
(383,207)
(101,213)
(286,40)
(249,154)
(296,372)
(0,263)
(159,6)
(174,235)
(189,290)
(68,271)
(164,286)
(182,234)
(240,67)
(84,234)
(187,143)
(119,134)
(308,93)
(251,136)
(1,176)
(80,269)
(116,92)
(173,191)
(198,291)
(340,129)
(188,142)
(84,264)
(247,250)
(285,222)
(386,10)
(321,154)
(347,214)
(143,127)
(190,68)
(312,131)
(289,372)
(260,372)
(168,346)
(27,388)
(222,73)
(312,269)
(176,374)
(194,214)
(302,177)
(198,342)
(339,182)
(17,159)
(342,13)
(23,74)
(161,102)
(102,177)
(239,68)
(285,212)
(3,341)
(325,21)
(85,9)
(308,160)
(67,183)
(140,294)
(152,147)
(215,293)
(159,365)
(84,210)
(251,148)
(281,327)
(341,300)
(155,277)
(49,104)
(376,172)
(344,293)
(26,165)
(60,363)
(322,211)
(72,224)
(175,140)
(277,241)
(82,28)
(54,231)
(290,171)
(375,205)
(11,318)
(378,271)
(237,65)
(242,249)
(267,24)
(359,317)
(135,121)
(168,66)
(233,15)
(87,229)
(236,305)
(64,324)
(39,359)
(293,85)
(163,393)
(13,49)
(31,301)
(290,201)
(375,99)
(160,35)
(87,201)
(226,223)
(49,253)
(11,274)
(18,345)
(389,329)
(21,209)
(165,329)
(353,80)
(27,118)
(381,380)
(350,40)
(152,390)
(212,22)
(378,74)
(178,91)
(151,359)
(199,214)
(6,106)
(297,25)
(62,39)
(27,74)
(357,192)
(151,239)
(155,375)
(206,146)
(282,378)
(227,136)
(136,98)
(231,281)
(262,315)
(3,375)
(40,42)
(178,83)
(39,240)
(75,399)
(368,196)
(118,352)
(280,66)
(269,171)
(378,137)
(198,259)
(252,241)
(30,303)
(358,376)
(337,315)
(376,182)
(283,109)
(197,244)
(176,103)
(217,152)
(59,376)
(274,56)
(32,215)
(204,167)
(93,159)
(392,180)
(103,364)
(233,15)
(64,222)
(168,155)
(60,117)
(20,174)
(309,210)
(3,278)
(86,28)
(198,305)
(68,390)
(256,198)
(94,194)
(0,106)
(83,38)
(339,354)
(373,234)
(313,213)
(238,299)
(349,183)
(213,313)
(175,129)
(224,226)
(370,335)
(349,186)
(81,255)
(144,396)
(247,225)
(368,121)
(364,21)
(40,225)
(371,359)
(329,53)
(233,192)
(240,373)
(85,165)
(337,224)
(323,325)
(123,165)
(26,152)
(322,276)
(146,78)
(191,19)
(44,154)
(357,254)
(295,332)
(57,204)
(388,262)
(381,260)
(180,227)
(222,123)
(14,3)
(244,44)
(173,283)
(63,32)
(300,178)
(343,265)
(313,296)
(103,18)
(219,307)
(390,91)
(267,388)
(378,310)
(270,308)
(341,295)
(91,94)
(375,375)
(196,336)
(53,309)
(283,70)
(164,263)
(8,33)
(304,179)
(83,306)
(392,241)
(335,99)
(317,95)
(303,23)
(152,10)
(217,34)
(243,247)
(245,142)
(214,115)
(172,377)
(343,266)
(384,99)
(17,252)
(42,278)
(313,3)
(191,104)
(118,85)
(50,127)
(301,314)
(151,6)
(288,287)
(383,289)
(62,196)
(369,72)
(355,393)
(324,256)
(386,343)
(208,234)
(188,191)
(54,276)
(263,76)
(352,114)
(124,256)
(336,363)
(112,303)
(354,194)
(11,124)
(214,142)
(328,62)
(31,213)
(396,330)
(139,255)
(95,323)
(4,186)
(224,200)
(43,157)
(303,386)
(315,315)
(358,221)
(384,36)
(116,339)
(225,181)
(313,287)
(284,301)
(48,349)
(344,100)
(97,33)
(166,153)
(66,13)
(369,23)
(354,362)
(40,84)
(200,364)
(204,267)
(111,173)
(221,31)
(374,351)
(324,55)
(316,6)
(230,225)
(319,192)
(159,350)
(261,395)
(85,260)
(119,15)
(168,365)
(101,52)
(299,16)
(13,383)
(175,39)
(343,286)
(214,171)
(226,132)
(229,47)
(117,163)
(390,139)
(50,301)
(370,239)
(111,208)
(58,161)
(340,195)
(159,290)
(180,175)
(376,373)
(54,153)
(157,34)
(113,73)
(291,209)
(391,64)
(9,281)
(153,169)
(340,350)
(176,7)
(307,181)
(375,172)
(201,350)
(228,256)
(317,134)
(110,298)
(323,0)
(160,14)
(109,119)
(309,245)
(42,121)
(356,338)
(199,231)
(247,154)
(325,256)
(377,11)
(242,302)
(61,198)
(137,377)
(332,8)
(56,394)
(312,282)
(367,232)
(259,335)
(360,49)
(281,268)
(139,86)
(269,276)
(276,268)
(373,42)
(4,270)
(297,23)
(379,317)
(140,23)
(260,281)
(397,138)
(157,330)
(320,14)
(304,259)
(238,208)
(67,395)
(168,23)
(242,188)
(132,148)
(29,115)
(300,344)
(79,226)
(57,114)
(359,311)
(127,313)
(300,130)
(6,281)
(388,265)
(282,45)
(178,189)
(311,243)
(157,373)
(127,365)
(213,194)
(294,296)
(235,198)
(156,233)
(34,295)
(79,159)
(57,12)
(358,272)
(379,67)
(120,392)
(28,392)
(167,317)
(272,213)
(285,267)
(376,166)
(69,177)
(224,251)
(42,356)
(232,298)
(279,130)
(372,5)
(199,184)
(83,168)
(372,154)
(174,40)
(326,214)
(92,67)
(271,203)
(393,269)
(129,315)
(45,159)
(282,332)
(174,71)
(296,173)
(395,302)
(373,389)
(150,147)
(85,9)
(376,26)
(191,266)
(180,47)
(175,53)
(56,22)
(221,233)
(57,208)
(240,129)
(98,255)
(167,150)
(395,225)
(399,27)
(304,257)
(362,79)
(217,397)
(158,197)
(106,107)
(98,80)
(270,77)
(225,43)
(278,258)
(77,332)
(379,58)
(215,353)
(42,112)
(261,356)
(65,327)
(211,151)
(228,122)
(146,264)
(148,226)
(204,297)
(75,286)
(123,238)
(357,145)
(386,321)
(125,50)
(343,154)
(55,387)
(112,229)
(195,266)
(377,138)
(120,127)
(301,354)
(286,15)
(259,191)
(83,314)
(96,391)
(10,366)
(14,264)
(353,33)
(360,96)
(194,52)
(68,310)
(251,368)
(223,192)
(46,155)
(224,307)
(267,301)
(240,139)
(134,172)
(217,373)
(260,70)
(210,340)
(367,354)
(127,370)
(234,331)
(186,22)
(236,94)
(252,106)
(389,346)
(137,165)
(293,251)
(143,151)
(90,138)
(195,126)
(327,195)
(179,168)
(255,40)
(344,331)
(228,42)
(396,163)
(198,375)
(81,265)
(384,286)
(153,175)
(31,98)
(313,356)
(199,286)
(338,0)
(267,130)
(219,371)
(202,4)
(302,265)
(317,23)
(332,317)
(99,282)
(222,255)
(129,287)
(381,276)
(69,223)
(87,9)
(70,0)
(142,154)
(240,374)
(199,277)
(277,263)
(43,387)
(245,90)
(190,67)
(1,90)
(366,369)
(11,361)
(48,372)
(357,313)
(387,260)
(252,280)
(339,392)
(12,294)
(119,323)
(49,244)
(141,260)
(217,4)
(174,66)
(170,267)
(59,375)
(110,91)
(210,321)
(115,280)
(240,361)
(119,265)
(107,351)
(144,221)
(165,338)
(164,45)
(109,101)
(73,166)
(328,141)
(304,395)
(279,297)
(291,122)
(382,170)
(328,77)
(120,312)
(185,333)
(68,95)
(120,259)
(96,276)
(28,296)
(98,115)
(320,214)
(113,391)
(112,373)
(305,381)
(98,236)
(87,93)
(194,370)
(51,295)
(157,8)
(260,233)
(16,377)
(386,289)
(397,354)
(200,333)
(187,47)
(351,388)
(149,18)
(337,260)
(378,195)
(328,371)
(202,380)
(374,201)
(312,304)
(228,42)
(352,372)
(221,76)
(320,19)
(9,202)
(277,293)
(0,55)
(326,7)
(124,246)
(77,193)
(161,333)
(235,81)
(396,391)
(82,120)
(59,33)
(1,148)
(305,232)
(60,97)
(237,376)
(127,82)
(200,244)
(41,141)
(152,185)
(293,302)
(212,136)
(280,362)
(3,292)
(255,127)
(176,62)
(374,76)
(198,283)
(111,306)
(351,397)
(53,167)
(105,356)
(285,192)
(41,291)
(282,225)
(232,346)
(107,155)
(103,100)
(164,99)
(91,67)
(359,305)
(238,113)
(95,391)
(72,44)
(61,319)
(76,69)
(70,134)
(198,179)
(257,48)
(322,87)
(171,372)
(277,10)
(82,285)
(388,103)
(355,89)
(126,334)
(76,385)
(185,232)
(358,216)
(184,36)
(212,313)
(280,157)
(245,337)
(188,85)
(218,2)
(313,156)
(214,53)
(29,371)
(245,214)
(66,70)
(382,201)
(253,313)
(81,370)
(78,229)
(179,97)
(150,318)
(343,152)
(11,34)
(251,211)
(261,44)
(59,135)
(252,6)
(315,216)
(274,315)
(269,61)
(347,16)
(69,41)
(128,58)
(252,215)
(371,90)
(391,71)
(289,119)
(222,290)
(219,317)
(132,305)
(33,297)
(81,234)
(318,43)
(338,31)
(291,87)
(286,54)
(160,283)
(216,29)
(84,59)
(214,58)
(342,140)
(54,250)
(121,148)
(281,324)
(310,155)
(40,395)
(372,3)
(197,270)
(115,374)
(369,126)
(187,269)
(222,122)
(154,270)
(186,152)
(0,133)
(393,147)
(216,98)
(168,315)
(156,223)
(391,44)
(4,207)
(73,100)
(109,388)
(29,173)
(251,118)
(273,329)
(146,44)
(12,3)
(7,69)
(395,38)
(268,22)
(357,64)
(203,233)
(282,298)
(185,187)
(335,188)
(88,128)
(210,394)
(63,385)
(308,113)
(19,13)
(162,304)
(168,372)
(328,246)
(228,195)
(94,313)
(60,89)
(72,57)
(25,230)
(7,282)
(78,132)
(380,88)
(70,152)
(347,23)
(354,383)
(371,69)
(377,326)
(150,295)
(312,55)
(203,109)
(64,221)
(59,69)
(98,111)
(47,62)
(144,138)
(228,181)
(271,316)
(353,231)
(338,376)
(34,18)
(220,74)
(161,316)
(225,57)
(217,362)
(241,313)
(351,366)
(307,311)
(173,30)
(318,179)
(386,32)
(296,238)
(12,35)
(360,387)
(15,101)
(11,141)
(311,309)
(339,394)
(327,394)
(390,253)
(173,121)
(61,251)
(198,203)
(192,55)
(317,213)
(41,89)
(332,365)
(116,194)
(24,396)
(198,301)
(335,140)
(96,315)
(46,42)
(40,374)
(21,189)
(102,212)
(114,184)
(65,32)
(198,227)
(12,198)
(153,93)
(238,41)
(319,29)
(275,314)
(33,22)
(282,145)
(60,192)
(343,81)
(367,389)
(229,84)
(398,309)
(376,193)
(187,100)
(177,148)
(263,361)
(212,77)
(212,70)
(299,234)
(124,391)
(103,110)
(129,62)
(246,57)
(395,61)
(199,213)
(3,267)
(397,75)
(215,160)
(292,222)
(51,389)
(293,387)
(281,251)
(206,352)
(280,232)
(100,161)
(307,341)
(125,152)
(30,345)
(258,245)
(171,161)
(265,65)
(319,151)
(147,129)
(326,125)
(175,204)
(36,291)
(324,109)
(345,165)
(71,242)
(284,18)
(171,6)
(169,322)
(286,30)
(95,176)
(109,311)
(323,266)
(249,253)
(50,387)
(4,106)
(288,238)
(75,129)
(8,395)
(338,212)
(277,399)
(359,54)
(77,385)
(364,137)
(194,57)
(284,9)
(35,17)
(5,270)
(61,364)
(225,235)
(141,6)
(336,84)
(254,163)
(347,378)
(328,185)
(5,6)
(45,371)
(2,219)
(128,69)
(219,305)
(205,371)
(2,391)
(126,82)
(262,67)
(347,9)
(380,398)
(280,44)
(372,209)
(173,74)
(330,136)
(112,77)
(135,181)
(294,233)
(312,25)
(305,355)
(232,138)
(3,324)
(31,170)
(117,226)
(299,7)
(266,173)
(79,240)
(337,148)
(120,239)
(291,23)
(329,296)
(395,361)
(325,281)
(168,165)
(290,51)
(362,335)
(25,136)
(127,37)
(309,190)
(244,332)
(126,64)
(299,396)
(213,252)
(298,98)
(379,392)
(147,228)
(94,70)
(193,236)
(300,272)
(32,180)
(33,296)
(128,277)
(209,369)
(292,14)
(45,8)
(340,1)
(342,112)
(101,41)
(57,303)
(303,217)
(67,287)
(74,240)
(201,96)
(259,153)
(154,212)
(297,28)
(234,19)
(189,289)
(356,70)
(347,175)
(150,45)
(248,344)
(225,240)
(371,43)
(224,122)
(382,285)
(27,396)
(396,227)
(331,45)
(152,256)
(297,26)
(345,393)
(188,66)
(277,280)
(265,134)
(119,180)
(170,250)
(330,270)
(323,374)
(28,362)
(121,281)
(291,160)
(154,384)
(329,348)
(50,332)
(191,114)
(292,172)
(349,200)
(303,106)
(155,29)
(129,109)
(161,256)
(112,56)
(79,72)
(350,397)
(284,337)
(304,80)
(248,82)
(207,359)
(179,230)
(89,322)
(322,169)
(200,14)
(3,14)
(298,365)
(206,146)
(3,97)
(204,123)
(376,37)
(33,323)
(378,372)
(17,335)
(132,328)
(171,296)
(328,214)
(38,146)
(126,239)
(275,71)
(25,293)
(139,342)
(310,257)
(115,339)
(171,344)
(104,26)
(187,68)
(181,60)
(127,60)
(47,304)
(323,228)
(210,365)
(60,274)
(188,290)
(265,375)
(230,317)
(52,96)
(57,36)
(101,318)
(60,176)
(14,143)
(92,255)
(123,384)
(81,278)
(358,142)
(307,26)
(9,358)
(191,180)
(265,45)
(396,156)
(214,396)
(372,395)
(93,328)
(144,395)
(363,240)
(396,353)
(179,23)
(321,376)
(343,336)
(265,314)
(370,341)
(320,267)
(291,158)
(343,278)
(342,255)
(113,14)
(167,351)
(159,217)
(30,84)
(200,166)
(119,204)
(238,53)
(44,46)
(117,157)
(122,49)
(155,340)
(387,39)
(170,30)
(294,308)
(143,259)
(340,202)
(375,87)
(186,184)
(79,62)
(53,316)
(262,247)
(235,314)
(156,15)
(88,207)
(124,196)
(277,184)
(70,354)
(52,202)
(377,309)
(122,16)
(47,92)
(382,398)
(201,230)
(77,134)
(313,216)
(209,7)
(327,89)
(217,126)
(152,99)
(357,125)
(159,246)
(99,191)
(143,66)
(224,198)
(272,336)
(314,397)
(126,340)
(181,118)
(290,101)
(174,52)
(296,311)
(37,39)
(178,195)
(324,287)
(152,146)
(231,41)
(355,44)
(382,270)
(126,87)
(64,318)
(69,338)
(196,363)
(7,67)
(252,244)
(22,246)
(213,5)
(377,363)
(320,369)
(103,327)
(166,264)
(190,145)
(294,312)
(13,236)
(155,231)
(107,23)
(231,397)
(239,386)
(341,195)
(104,53)
(37,207)
(156,69)
(322,182)
(382,313)
(118,92)
(125,204)
(215,179)
(296,100)
(299,208)
(150,205)
(311,48)
(117,261)
(175,137)
(185,148)
(320,39)
(158,114)
(120,240)
(30,314)
(91,108)
(278,66)
(318,17)
(120,305)
(206,343)
(82,389)
(38,9)
(148,398)
(133,120)
(244,258)
(328,322)
(214,339)
(158,79)
(273,109)
(142,119)
(57,38)
(159,346)
(127,30)
(71,137)
(46,372)
(44,87)
(24,233)
(308,397)
(102,354)
(334,29)
(43,133)
(399,144)
(14,278)
(292,26)
(48,260)
(21,6)
(326,92)
(289,310)
(153,155)
(139,399)
(264,10)
(8,297)
(57,258)
(378,355)
(71,29)
(176,196)
(48,354)
(163,223)
(25,335)
(20,299)
(219,366)
(71,204)
(101,294)
(352,170)
(104,274)
(336,374)
(359,193)
(258,45)
(254,362)
(358,363)
(223,21)
(307,44)
(183,328)
(356,125)
(112,83)
(64,109)
(395,311)
(14,192)
(219,308)
(207,64)
(307,144)
(268,229)
(73,59)
(38,126)
(13,74)
(66,89)
(287,305)
(89,251)
(274,293)
(67,386)
(343,154)
(17,40)
(88,290)
(107,178)
(389,221)
(77,200)
(39,379)
(180,197)
(317,219)
(181,287)
(148,227)
(397,190)
(303,250)
(230,311)
(257,104)
(233,228)
(259,187)
(303,336)
(257,311)
(348,342)
(190,19)
(232,272)
(377,297)
(297,148)
(304,154)
(117,164)
(270,313)
(386,206)
(265,354)
(308,191)
(96,123)
(25,185)
(249,83)
(233,83)
(139,218)
(203,182)
(173,366)
(372,161)
(370,254)
(263,60)
(369,122)
(175,311)
(278,356)
(383,155)
(277,64)
(11,89)
(188,212)
(148,23)
(225,153)
(156,88)
(189,204)
(20,360)
(255,277)
(301,349)
(94,87)
(289,187)
(92,352)
(387,137)
(342,69)
(113,229)
(398,109)
(56,296)
(277,18)
(229,355)
(392,174)
(116,269)
(314,223)
(146,246)
(222,101)
(310,21)
(213,50)
(392,136)
(127,355)
(198,338)
(189,125)
(48,189)
(188,124)
(29,348)
(66,163)
(312,369)
(129,139)
(208,334)
(209,304)
(144,367)
(325,190)
(59,80)
(45,259)
(141,31)
(116,321)
(268,229)
(92,316)
(75,62)
(365,378)
(307,289)
(325,337)
(48,45)
(154,310)
(232,164)
(196,170)
(114,151)
(382,85)
(353,250)
(119,224)
(94,186)
(325,220)
(376,379)
(354,222)
(259,137)
(145,398)
(95,27)
(108,283)
(392,75)
(6,168)
(248,297)
(158,148)
(107,170)
(172,185)
(227,289)
(37,94)
(147,78)
(157,207)
(228,143)
(98,373)
(116,260)
(297,102)
(351,393)
(59,92)
(189,287)
(13,266)
(33,114)
(174,185)
(45,91)
(339,328)
(120,91)
(40,395)
(372,214)
(384,322)
(358,95)
(148,311)
(379,27)
(288,218)
(17,299)
(225,185)
(72,162)
(168,183)
(233,117)
(62,164)
(136,317)
(188,69)
(361,299)
(260,269)
(360,105)
(264,294)
(337,163)
(18,361)
(62,286)
(336,18)
(352,396)
(369,209)
(55,256)
(303,171)
(20,316)
(206,315)
(196,136)
(384,252)
(145,212)
(92,215)
(267,334)
(372,241)
(278,259)
(199,290)
(32,327)
(353,341)
(159,32)
(380,22)
(19,123)
(363,114)
(46,311)
(99,133)
(259,365)
(150,293)
(216,192)
(47,125)
(352,330)
(316,271)
(37,216)
(145,72)
(277,380)
(199,323)
(316,312)
(382,387)
(313,333)
(379,172)
(301,275)
(177,189)
(105,97)
(170,353)
(44,176)
(117,226)
(224,233)
(168,186)
(124,220)
(359,357)
(68,209)
(28,220)
(7,54)
(150,157)
(40,192)
(142,339)
(62,38)
(157,50)
(67,342)
(381,15)
(308,277)
(236,120)
(181,71)
(382,85)
(301,139)
(178,228)
(231,212)
(339,337)
(250,247)
(220,366)
(254,366)
(178,94)
(355,268)
(268,285)
(356,182)
(280,265)
(274,300)
(43,322)
(254,229)
(223,263)
(295,164)
(62,272)
(317,212)
(123,57)
(329,211)
(296,20)
(49,399)
(20,149)
(107,159)
(196,187)
(75,207)
(114,363)
(76,146)
(338,301)
(150,15)
(288,15)
(195,334)
(378,141)
(261,355)
(311,163)
(324,255)
(167,385)
(356,335)
(183,306)
(0,8)
(113,385)
(339,66)
(186,23)
(297,320)
(250,217)
(94,338)
(327,136)
(164,178)
(289,219)
(160,104)
(127,70)
(139,34)
(314,176)
(230,37)
(238,205)
(26,303)
(217,358)
(290,113)
(252,92)
(46,141)
(93,362)
(171,73)
(374,326)
(241,38)
(335,182)
(132,139)
(332,350)
(235,208)
(227,47)
(46,212)
(184,180)
(345,104)
(365,47)
(16,349)
(216,123)
(342,50)
(331,300)
(170,136)
(365,288)
(245,111)
(327,68)
(288,346)
(174,158)
(58,199)
(9,381)
(393,326)
(326,206)
(239,326)
(215,376)
(368,272)
(134,54)
(392,17)
(236,105)
(327,49)
(263,135)
(181,379)
(127,238)
(399,318)
(40,359)
(170,52)
(92,379)
(263,228)
(42,156)
(364,325)
(257,259)
(78,19)
(310,386)
(369,48)
(254,104)
(164,217)
(283,86)
(348,240)
(137,240)
(64,350)
(202,356)
(79,390)
(248,50)
(146,270)
(263,149)
(310,176)
(150,120)
(178,16)
(295,57)
(298,399)
(60,309)
(236,297)
(16,273)
(338,244)
(285,177)
(175,133)
(66,219)
(168,74)
(299,300)
(20,328)
(47,204)
(250,261)
(363,305)
(113,317)
(386,21)
(230,277)
(325,364)
(370,63)
(52,241)
(148,326)
(311,166)
(88,350)
(320,107)
(126,361)
(129,319)
(249,123)
(47,392)
(303,152)
(304,398)
(365,57)
(28,126)
(124,252)
(175,382)
(10,387)
(102,149)
(179,139)
(154,309)
(87,371)
(385,197)
(280,362)
(196,275)
(168,40)
(89,286)
(381,390)
(164,231)
(365,194)
(305,87)
(230,365)
(351,284)
(259,301)
(27,73)
(145,283)
(38,351)
(355,53)
(365,314)
(221,201)
(140,101)
(382,52)
(46,116)
(151,373)
(47,205)
(113,355)
(148,169)
(365,337)
(74,36)
(22,169)
(155,209)
(77,48)
(257,250)
(39,31)
(290,55)
(336,270)
(302,386)
(356,336)
(12,17)
(283,335)
(9,100)
(297,181)
(228,356)
(94,274)
(2,393)
(245,164)
(111,372)
(226,37)
(264,38)
(22,114)
(270,214)
(241,193)
(124,159)
(106,399)
(172,187)
(212,233)
(196,391)
(108,375)
(156,36)
(213,279)
(94,137)
(264,31)
(137,1)
(273,105)
(255,185)
(182,183)
(343,314)
(105,277)
(272,388)
(394,293)
(381,331)
(389,327)
(277,61)
(357,246)
(184,173)
(325,156)
(373,215)
(241,161)
(119,259)
(229,189)
(57,67)
(369,386)
(23,230)
(85,278)
(39,360)
(222,341)
(234,21)
(237,267)
(181,118)
(296,153)
(198,384)
(123,23)
(180,378)
(113,362)
(306,237)
(242,45)
(113,128)
(266,234)
(348,318)
(256,253)
(60,177)
(20,155)
(44,342)
(207,273)
(137,8)
(134,57)
(26,121)
(369,218)
(346,325)
(229,331)
(138,52)
(104,278)
(168,142)
(160,194)
(30,40)
(236,320)
(322,141)
(141,157)
(310,45)
(330,17)
(6,128)
(53,158)
(229,340)
(373,105)
(245,136)
(93,221)
(370,56)
(51,276)
(58,385)
(209,189)
(105,294)
(123,117)
(276,246)
(255,399)
(94,203)
(77,11)
(318,43)
(127,47)
(202,85)
(376,186)
(157,17)
(13,113)
(93,128)
(75,243)
(194,91)
(209,189)
(279,237)
(320,362)
(250,169)
(39,285)
(298,157)
(310,287)
(210,0)
(340,350)
(375,360)
(27,305)
(133,135)
(36,389)
(258,285)
(123,134)
(148,20)
(260,113)
(179,216)
(267,107)
(156,156)
(371,393)
(232,374)
(138,379)
(262,141)
(303,75)
(110,110)
(164,363)
(152,161)
(193,201)
(103,180)
(6,287)
(140,326)
(337,216)
(301,393)
(73,97)
(306,10)
(223,391)
(290,194)
(274,211)
(232,218)
(271,52)
(98,294)
(297,318)
(384,108)
(43,42)
(74,304)
(201,154)
(226,114)
(356,393)
(259,269)
(239,233)
(319,189)
(52,263)
(327,83)
(88,274)
(94,209)
(262,88)
(63,67)
(182,299)
(352,71)
(316,15)
(51,89)
(359,337)
(382,311)
(341,371)
(333,319)
(299,324)
(136,184)
(94,26)
(127,389)
(362,314)
(373,229)
(73,203)
(156,250)
(307,11)
(193,63)
(253,206)
(68,107)
(308,322)
(291,227)
(292,4)
(320,108)
(341,148)
(331,217)
(356,352)
(382,186)
(146,113)
(181,149)
(199,384)
(55,114)
(69,245)
(19,362)
(249,354)
(342,376)
(360,308)
(30,220)
(152,70)
(80,130)
(239,11)
(119,229)
(309,90)
(164,236)
(113,374)
(156,107)
(48,26)
(164,252)
(54,86)
(177,342)
(197,22)
(193,362)
(113,347)
(55,62)
(277,367)
(188,123)
(187,205)
(270,165)
(278,285)
(96,32)
(16,101)
(296,324)
(264,277)
(116,360)
(20,221)
(13,218)
(332,67)
(268,275)
(160,367)
(88,202)
(398,307)
(279,307)
(125,163)
(121,368)
(141,297)
(32,154)
(237,86)
(293,218)
(338,87)
(162,308)
(172,346)
(332,84)
(168,211)
(67,78)
(290,317)
(105,330)
(298,14)
(300,301)
(71,122)
(284,67)
(112,28)
(24,323)
(249,89)
(377,17)
(329,353)
(282,124)
(147,278)
(358,251)
(347,311)
(366,185)
(196,392)
(220,42)
(169,318)
(259,157)
(149,78)
(263,367)
(44,234)
(202,347)
(367,122)
(244,78)
(283,162)
(172,67)
(91,356)
(398,89)
(178,132)
(140,265)
(281,167)
(271,7)
(287,50)
(71,286)
(324,44)
(158,137)
(14,154)
(342,379)
(6,236)
(96,294)
(148,339)
(153,4)
(242,357)
(203,163)
(80,14)
(387,142)
(158,236)
(309,26)
(375,242)
(307,281)
(225,12)
(83,0)
(218,25)
(345,66)
(32,397)
(178,18)
(190,294)
(163,86)
(206,101)
(226,78)
(124,46)
(53,397)
(61,337)
(383,1)
(276,15)
(248,248)
(280,5)
(73,23)
(165,106)
(7,201)
(20,75)
(15,68)
(317,164)
(58,331)
(340,157)
(186,12)
(279,137)
(54,274)
(346,391)
(25,198)
(315,185)
(27,230)
(146,243)
(97,308)
(366,195)
(96,75)
(9,326)
(143,48)
(290,261)
(12,291)
(32,255)
(130,360)
(349,182)
(201,76)
(299,34)
(238,12)
(168,148)
(82,138)
(37,192)
(170,77)
(131,55)
(323,131)
(357,374)
(351,159)
(44,218)
(215,38)
(79,193)
(394,271)
(21,339)
(225,70)
(237,249)
(380,30)
(233,84)
(304,172)
(155,131)
(162,67)
(258,330)
(217,311)
(95,294)
(18,315)
(103,234)
(270,36)
(371,42)
(62,289)
(204,195)
(97,290)
(118,300)
(355,196)
(291,48)
(85,155)
(219,4)
(113,213)
(229,367)
(100,115)
(182,196)
(142,159)
(101,19)
(296,321)
(67,59)
(329,292)
(74,38)
(57,37)
(244,365)
(96,78)
(283,367)
(67,153)
(298,382)
(239,245)
(298,139)
(159,346)
(63,311)
(284,372)
(198,242)
(121,173)
(276,293)
(363,330)
(213,229)
(332,281)
(63,270)
(349,27)
(367,136)
(392,7)
(139,318)
(250,371)
(88,263)
(19,166)
(319,367)
(1,93)
(197,74)
(187,300)
(39,293)
(67,367)
(255,272)
(167,164)
(280,319)
(365,48)
(294,214)
(251,158)
(197,110)
(355,69)
(81,122)
(22,250)
(227,280)
(384,33)
(361,35)
(145,308)
(7,116)
(135,120)
(230,383)
(140,3)
(258,233)
(82,359)
(71,320)
(329,174)
(364,153)
(377,178)
(11,84)
(194,29)
(213,132)
(89,84)
(333,139)
(353,282)
(223,238)
(221,196)
(0,364)
(195,389)
(324,179)
(14,58)
(330,226)
(159,177)
(2,301)
(164,284)
(157,224)
(123,254)
(5,257)
(282,241)
(150,143)
(281,64)
(1,356)
(396,133)
(9,170)
(159,189)
(173,302)
(34,288)
(395,255)
(367,371)
(71,125)
(100,212)
(336,348)
(132,39)
(94,222)
(69,11)
(167,286)
(200,226)
(304,303)
(308,140)
(121,183)
(369,252)
(175,362)
(264,300)
(50,278)
(225,265)
(160,72)
(115,17)
(195,106)
(153,15)
(81,313)
(33,329)
(265,142)
(191,349)
(229,254)
(48,137)
(162,380)
(394,8)
(381,267)
(59,18)
(208,7)
(94,7)
(17,319)
(398,67)
(4,20)
(300,385)
(339,316)
(272,375)
(378,361)
(35,201)
(381,230)
(305,93)
(168,7)
(262,169)
(24,301)
(294,303)
(77,191)
(378,205)
(378,136)
(207,40)
(346,201)
(343,273)
(165,0)
(136,83)
(304,116)
(20,212)
(361,113)
(235,64)
(321,145)
(180,333)
(327,264)
(153,119)
(25,314)
(169,255)
(298,143)
(382,9)
(314,369)
(84,375)
(34,101)
(60,361)
(26,249)
(232,52)
(336,149)
(216,338)
(196,385)
(359,286)
(209,301)
(7,194)
(153,388)
(1,370)
(182,266)
(356,32)
(201,379)
(225,116)
(359,207)
(305,201)
